0
0
3
5
7
8
12
12
14
16
19
20
23
24
24
25
30
32
32
34
35
38
39
39
40
41
41
46
50
54
55
59
59
59
60
61
65
70
71
75
77
78
78
79
85
86
87
91
92
97
99
100
101
101
101
103
104
105
107
111
112
115
115
116
122
122
128
132
133
135
138
139
140
141
141
142
142
143
144
145
149
150
151
153
156
161
165
166
166
168
168
172
172
184
184
185
188
190
193
193
195
196
197
198
198
199
199
201
204
206
207
208
209
212
213
214
215
216
218
219
219
221
223
223
224
224
225
225
226
227
229
230
232
234
234
238
247
248
248
249
249
251
255
255
258
260
261
263
265
265
267
269
270
271
274
275
275
280
280
286
287
287
289
292
292
293
296
297
299
300
306
306
310
311
312
314
316
316
318
326
329
332
338
339
341
344
347
351
353
357
360
361
363
365
367
369
371
371
374
375
379
383
384
385
385
387
390
392
392
393
397
398
399
401
401
404
405
410
412
415
416
417
417
417
426
426
426
427
430
430
431
431
433
435
437
437
444
447
449
449
450
453
453
454
458
459
461
461
463
464
464
465
465
465
469
471
473
478
483
484
485
491
494
497
497
498
499
499
500
505
505
507
508
509
511
512
512
512
514
518
518
518
519
520
520
524
524
525
526
533
534
536
537
540
541
542
549
551
551
553
554
557
558
558
560
561
563
564
565
570
570
586
586
588
592
592
592
596
603
604
604
605
607
608
612
613
613
615
616
616
617
617
625
628
632
634
635
637
639
639
641
641
642
643
645
647
647
647
647
652
657
661
662
664
668
673
676
679
681
681
685
687
689
690
691
696
699
701
703
705
707
710
710
710
712
712
713
713
713
714
719
723
723
724
726
728
732
736
737
738
738
738
739
740
745
752
752
756
758
760
766
772
774
775
780
781
784
787
789
789
790
794
797
797
801
810
810
811
813
814
815
816
818
821
822
825
826
829
833
836
840
841
845
846
847
849
850
851
854
858
862
863
866
870
871
874
875
875
877
881
883
885
885
889
892
896
899
900
904
905
909
909
910
911
911
911
913
913
914
915
920
924
925
925
925
928
931
932
932
944
950
955
957
958
959
960
961
962
964
971
971
974
977
979
987
990
991
993
995
995
997
998
999
1001
1002
1002
1004
1006
1007
1008
1012
1013
1013
1017
1017
1018
1023
1023
1028
1028
1030
1031
1033
1036
1036
1038
1042
1044
1045
1049
1049
1049
1061
1068
1070
1070
1071
1073
1074
1075
1076
1081
1084
1085
1086
1087
1088
1090
1091
1093
1094
1096
1096
1097
1100
1102
1103
1105
1111
1114
1115
1117
1120
1121
1124
1128
1129
1130
1133
1137
1139
1141
1143
1144
1146
1146
1146
1147
1148
1148
1148
1157
1157
1159
1162
1165
1167
1168
1169
1172
1174
1174
1175
1176
1180
1181
1185
1186
1189
1193
1195
1198
1199
1201
1201
1201
1202
1203
1204
1205
1205
1206
1210
1212
1214
1215
1222
1224
1225
1225
1226
1226
1228
1228
1231
1231
1231
1239
1239
1240
1241
1243
1244
1247
1247
1248
1251
1254
1258
1258
1262
1263
1271
1274
1274
1274
1275
1276
1277
1279
1280
1285
1289
1290
1294
1296
1298
1299
1300
1304
1306
1307
1308
1309
1311
1311
1312
1314
1316
1317
1320
1321
1323
1326
1330
1339
1340
1340
1341
1345
1347
1348
1348
1349
1355
1364
1366
1371
1371
1374
1375
1378
1379
1380
1381
1382
1385
1390
1403
1407
1407
1409
1409
1411
1417
1417
1418
1422
1425
1426
1426
1439
1440
1443
1443
1448
1449
1452
1454
1454
1458
1462
1463
1464
1465
1466
1466
1469
1469
1470
1471
1475
1483
1484
1485
1492
1492
1494
1497
1500
1502
1505
1507
1508
1510
1517
1520
1521
1521
1522
1523
1528
1532
1533
1533
1536
1539
1540
1542
1542
1544
1545
1546
1547
1547
1548
1553
1559
1562
1562
1571
1571
1574
1575
1577
1579
1584
1587
1589
1590
1591
1593
1595
1598
1600
1603
1604
1604
1606
1612
1614
1618
1620
1620
1621
1622
1625
1625
1627
1627
1632
1635
1637
1640
1649
1650
1655
1656
1659
1662
1662
1665
1667
1667
1668
1670
1670
1671
1680
1686
1687
1689
1689
1692
1693
1695
1695
1700
1701
1702
1703
1704
1706
1706
1707
1707
1708
1711
1712
1715
1717
1717
1723
1723
1723
1727
1732
1732
1734
1738
1738
1745
1746
1747
1751
1752
1755
1755
1756
1758
1758
1759
1763
1766
1766
1767
1768
1771
1772
1773
1776
1783
1783
1784
1784
1785
1786
1788
1790
1792
1794
1795
1798
1803
1805
1807
1810
1816
1819
1821
1823
1825
1825
1827
1829
1830
1834
1835
1835
1837
1838
1842
1843
1845
1851
1853
1857
1858
1861
1862
1864
1864
1867
1869
1872
1877
1880
1883
1886
1887
1892
1893
1894
1894
1895
1895
1895
1897
1898
1899
1901
1903
1905
1906
1907
1908
1909
1911
1912
1914
1920
1920
1922
1923
1928
1928
1933
1936
1938
1943
1943
1945
1948
1948
1953
1955
1955
1957
1960
1963
1965
1968
1969
1969
1970
1974
1975
1976
1978
1984
1985
1986
1987
1989
1993
1998
2001
2002
2003
2003
2004
2005
2005
2005
2006
2014
2015
2015
2018
2020
2022
2025
2026
2026
2027
2028
2028
2029
2030
2030
2036
2037
2038
2039
2041
2042
2052
2056
2058
2060
2060
2068
2070
2074
2076
2082
2086
2087
2088
2092
2097
2098
2104
2106
2110
2113
2116
2118
2122
2129
2131
2132
2132
2132
2137
2139
2144
2147
2148
2149
2154
2155
2156
2158
2158
2159
2161
2161
2162
2165
2165
2166
2169
2172
2173
2174
2174
2174
2176
2177
2184
2188
2189
2189
2191
2194
2197
2197
2198
2201
2203
2205
2205
2210
2214
2215
2216
2218
2218
2221
2222
2223
2224
2227
2231
2232
2232
2236
2238
2238
2241
2243
2246
2247
2253
2254
2254
2255
2256
2258
2259
2262
2268
2270
2272
2273
2275
2279
2282
2282
2285
2289
2292
2298
2300
2300
2300
2302
2311
2314
2316
2316
2319
2322
2327
2327
2329
2330
2332
2335
2335
2336
2337
2341
2341
2349
2349
2352
2353
2353
2359
2359
2360
2361
2362
2363
2363
2366
2366
2367
2370
2370
2372
2372
2373
2376
2379
2380
2385
2385
2389
2390
2391
2392
2396
2396
2398
2403
2403
2407
2410
2412
2412
2414
2417
2419
2423
2424
2425
2433
2433
2435
2443
2445
2447
2455
2456
2460
2462
2463
2465
2466
2467
2467
2470
2472
2476
2477
2477
2479
2480
2481
2481
2489
2490
2491
2494
2499
2500
2501
2504
2504
2505
2506
2507
2509
2509
2511
2512
2515
2520
2520
2520
2520
2521
2521
2522
2523
2525
2534
2535
2535
2536
2538
2544
2552
2554
2554
2554
2555
2556
2556
2558
2559
2561
2562
2566
2569
2570
2571
2572
2578
2580
2581
2584
2587
2587
2589
2591
2595
2602
2605
2607
2607
2608
2609
2610
2610
2612
2615
2617
2619
2620
2628
2630
2630
2631
2632
2633
2637
2640
2645
2646
2649
2649
2651
2651
2652
2653
2654
2656
2657
2661
2661
2662
2666
2667
2670
2674
2675
2676
2678
2679
2679
2684
2693
2696
2696
2696
2696
2697
2702
2702
2705
2707
2713
2725
2725
2725
2729
2730
2732
2735
2738
2741
2743
2743
2744
2744
2744
2745
2746
2746
2746
2748
2752
2754
2754
2756
2757
2758
2760
2763
2763
2768
2768
2769
2769
2770
2776
2776
2776
2779
2781
2781
2783
2784
2784
2786
2788
2789
2791
2791
2792
2792
2796
2797
2798
2799
2800
2801
2802
2802
2802
2804
2805
2805
2806
2810
2810
2818
2820
2824
2827
2830
2832
2837
2840
2841
2846
2846
2848
2850
2850
2850
2852
2852
2852
2852
2855
2855
2857
2860
2866
2867
2868
2872
2873
2874
2875
2878
2880
2886
2887
2891
2891
2893
2897
2897
2900
2902
2902
2902
2902
2905
2905
2906
2910
2911
2915
2915
2915
2916
2921
2922
2932
2935
2939
2939
2941
2948
2948
2949
2949
2950
2951
2953
2954
2954
2959
2960
2968
2970
2975
2975
2981
2981
2983
2985
2988
2991
2993
2995
2997
2999
3006
3007
3009
3009
3009
3010
3010
3016
3016
3017
3018
3018
3020
3020
3021
3022
3023
3023
3026
3026
3028
3032
3033
3034
3035
3035
3038
3041
3045
3047
3049
3049
3049
3055
3056
3057
3057
3058
3061
3062
3064
3064
3067
3067
3068
3070
3072
3072
3077
3080
3080
3082
3084
3086
3090
3094
3096
3096
3098
3101
3101
3102
3103
3112
3115
3115
3119
3119
3120
3120
3121
3122
3122
3125
3131
3133
3134
3135
3135
3139
3140
3140
3141
3143
3146
3149
3152
3153
3159
3162
3163
3164
3164
3165
3167
3167
3170
3172
3173
3175
3175
3177
3178
3178
3186
3188
3193
3195
3196
3198
3202
3207
3207
3208
3214
3222
3224
3225
3226
3229
3230
3230
3231
3233
3234
3235
3237
3238
3242
3244
3245
3249
3254
3258
3260
3262
3264
3264
3268
3271
3272
3273
3273
3275
3279
3282
3283
3284
3285
3285
3285
3287
3288
3289
3289
3289
3293
3300
3300
3302
3303
3304
3310
3313
3314
3314
3314
3316
3317
3321
3322
3322
3328
3328
3335
3340
3345
3346
3346
3347
3349
3352
3352
3355
3358
3360
3361
3361
3364
3365
3366
3368
3369
3370
3371
3372
3373
3375
3377
3380
3380
3382
3383
3392
3394
3397
3405
3405
3407
3407
3414
3415
3416
3417
3420
3420
3420
3422
3422
3423
3423
3425
3429
3430
3433
3434
3434
3436
3441
3441
3443
3443
3444
3447
3449
3450
3451
3454
3455
3464
3471
3474
3474
3476
3479
3480
3480
3481
3482
3482
3484
3487
3487
3488
3489
3489
3490
3491
3492
3495
3498
3499
3500
3502
3519
3520
3522
3522
3523
3527
3528
3528
3529
3531
3532
3535
3539
3540
3542
3544
3544
3547
3548
3549
3553
3554
3558
3559
3559
3564
3567
3573
3575
3577
3580
3583
3585
3585
3586
3590
3593
3595
3597
3597
3603
3604
3604
3606
3606
3609
3610
3610
3611
3613
3617
3618
3621
3622
3624
3629
3632
3632
3635
3635
3644
3644
3645
3648
3648
3651
3652
3653
3653
3654
3655
3656
3657
3658
3658
3662
3665
3665
3666
3666
3669
3671
3672
3676
3677
3680
3680
3682
3682
3685
3685
3685
3688
3693
3694
3699
3702
3706
3707
3716
3723
3723
3725
3731
3731
3731
3731
3732
3734
3738
3738
3740
3741
3741
3745
3748
3754
3754
3755
3756
3762
3763
3764
3764
3765
3766
3768
3769
3773
3780
3781
3784
3787
3789
3793
3796
3796
3800
3800
3801
3808
3809
3809
3810
3813
3822
3823
3823
3823
3824
3830
3832
3837
3838
3838
3841
3841
3843
3844
3844
3845
3846
3847
3849
3849
3850
3850
3854
3856
3858
3858
3864
3864
3867
3870
3871
3874
3874
3875
3877
3880
3881
3881
3882
3886
3887
3889
3891
3897
3901
3901
3903
3904
3905
3906
3908
3909
3913
3918
3918
3918
3921
3923
3926
3928
3929
3929
3934
3934
3935
3935
3939
3942
3942
3944
3946
3949
3949
3949
3952
3954
3959
3963
3963
3969
3970
3972
3974
3976
3976
3979
3980
3982
3983
3984
3985
3986
3987
3988
3989
3994
3996
3996
3997
4000
4000
4001
4002
4002
4003
4006
4007
4007
4011
4014
4014
4022
4023
4025
4026
4027
4031
4035
4035
4036
4037
4038
4038
4041
4041
4043
4044
4045
4045
4047
4051
4052
4059
4059
4060
4065
4066
4066
4070
4070
4071
4071
4071
4073
4075
4076
4077
4080
4081
4084
4086
4086
4090
4098
4100
4104
4106
4106
4107
4107
4109
4109
4110
4115
4118
4121
4122
4124
4130
4131
4133
4138
4140
4144
4150
4154
4154
4155
4155
4155
4156
4160
4163
4164
4171
4175
4176
4177
4180
4180
4183
4185
4186
4190
4191
4191
4191
4192
4192
4194
4198
4201
4203
4206
4206
4211
4211
4213
4215
4216
4217
4223
4235
4243
4245
4245
4246
4248
4248
4249
4250
4250
4251
4251
4252
4252
4253
4254
4254
4257
4257
4263
4267
4268
4270
4271
4273
4278
4278
4281
4282
4284
4286
4288
4288
4288
4289
4299
4301
4302
4305
4309
4309
4310
4312
4314
4314
4316
4316
4316
4321
4325
4328
4329
4330
4332
4334
4335
4337
4339
4341
4343
4343
4348
4350
4351
4351
4351
4352
4353
4355
4359
4361
4362
4363
4365
4366
4367
4370
4370
4375
4376
4379
4384
4384
4384
4385
4385
4389
4390
4391
4392
4393
4394
4395
4398
4398
4400
4401
4404
4405
4407
4408
4414
4414
4415
4416
4417
4420
4421
4422
4423
4428
4429
4429
4431
4432
4432
4432
4433
4434
4437
4440
4441
4441
4441
4447
4452
4457
4462
4462
4463
4471
4478
4479
4481
4482
4483
4484
4486
4489
4491
4492
4494
4495
4498
4498
4500
4502
4502
4505
4509
4509
4511
4513
4518
4524
4524
4525
4526
4536
4538
4538
4539
4540
4542
4546
4547
4547
4554
4555
4558
4558
4566
4570
4572
4573
4573
4573
4578
4587
4589
4590
4590
4592
4592
4593
4595
4595
4596
4597
4598
4602
4606
4606
4611
4612
4613
4617
4619
4619
4620
4621
4624
4625
4626
4627
4628
4628
4629
4632
4635
4636
4636
4638
4640
4642
4647
4649
4649
4650
4651
4654
4654
4654
4655
4658
4658
4662
4668
4669
4669
4674
4675
4677
4677
4678
4680
4683
4689
4689
4690
4693
4694
4694
4697
4698
4704
4704
4708
4708
4709
4709
4710
4710
4714
4714
4716
4720
4724
4728
4732
4733
4733
4734
4735
4735
4737
4738
4739
4746
4747
4748
4750
4750
4753
4753
4755
4757
4757
4761
4764
4765
4768
4770
4773
4773
4776
4777
4780
4783
4784
4787
4788
4789
4790
4791
4794
4794
4800
4802
4803
4804
4804
4804
4805
4806
4808
4812
4812
4813
4813
4816
4819
4820
4823
4827
4831
4833
4836
4840
4841
4841
4842
4844
4846
4846
4849
4851
4851
4851
4851
4853
4856
4856
4861
4863
4864
4866
4869
4870
4872
4874
4875
4878
4881
4882
4885
4888
4891
4892
4896
4900
4901
4905
4907
4909
4910
4911
4912
4914
4914
4916
4916
4920
4921
4921
4926
4927
4928
4930
4932
4933
4934
4935
4942
4943
4943
4943
4945
4948
4952
4953
4953
4955
4955
4956
4958
4960
4960
4962
4964
4964
4965
4966
4968
4971
4971
4974
4976
4977
4977
4980
4983
4984
4985
4992
4994
4994
4995
4996
4997
4998
5000
5002
5002
5004
5006
5006
5006
5013
5014
5015
5016
5019
5022
5022
5024
5024
5024
5024
5024
5027
5027
5030
5033
5036
5037
5043
5046
5050
5059
5061
5066
5066
5070
5075
5077
5080
5081
5082
5082
5083
5083
5092
5092
5094
5095
5100
5101
5101
5105
5106
5106
5106
5109
5110
5114
5114
5115
5115
5116
5118
5132
5133
5133
5133
5133
5141
5143
5145
5145
5148
5151
5152
5152
5154
5154
5156
5158
5165
5166
5166
5169
5171
5174
5174
5175
5178
5179
5180
5188
5188
5188
5191
5192
5194
5200
5200
5200
5201
5202
5202
5211
5211
5214
5219
5219
5221
5223
5223
5226
5232
5234
5239
5240
5249
5250
5257
5263
5264
5264
5267
5267
5271
5272
5273
5273
5274
5275
5276
5277
5278
5284
5286
5287
5291
5292
5292
5294
5297
5298
5299
5300
5305
5308
5309
5310
5311
5312
5313
5315
5315
5316
5316
5318
5319
5324
5324
5328
5328
5333
5337
5339
5340
5345
5347
5347
5348
5350
5351
5351
5356
5358
5359
5360
5363
5363
5363
5365
5365
5368
5370
5374
5377
5379
5383
5385
5386
5390
5394
5396
5396
5397
5405
5407
5411
5413
5413
5416
5417
5419
5420
5425
5427
5429
5430
5430
5433
5434
5434
5437
5437
5438
5439
5441
5444
5444
5445
5446
5446
5448
5448
5448
5449
5454
5456
5458
5465
5468
5469
5471
5477
5479
5479
5479
5479
5484
5485
5485
5485
5489
5489
5495
5499
5499
5499
5499
5506
5507
5508
5513
5516
5517
5517
5521
5521
5522
5522
5527
5527
5531
5533
5537
5538
5542
5542
5548
5549
5550
5557
5559
5562
5562
5565
5566
5572
5574
5576
5577
5583
5583
5586
5588
5589
5591
5595
5596
5602
5605
5605
5606
5606
5615
5615
5617
5619
5622
5622
5624
5627
5629
5629
5631
5635
5636
5636
5636
5637
5637
5638
5642
5643
5643
5647
5649
5649
5653
5654
5654
5655
5656
5658
5660
5664
5668
5670
5670
5671
5671
5676
5677
5680
5680
5681
5682
5684
5689
5692
5692
5695
5703
5705
5708
5709
5710
5715
5715
5716
5716
5716
5717
5720
5722
5723
5724
5725
5725
5725
5725
5725
5726
5729
5730
5732
5733
5734
5736
5738
5747
5748
5749
5750
5750
5751
5752
5753
5759
5759
5761
5762
5763
5763
5765
5767
5767
5768
5768
5772
5773
5774
5774
5777
5778
5781
5782
5782
5784
5784
5785
5788
5789
5796
5797
5797
5804
5805
5805
5809
5813
5813
5814
5816
5816
5816
5817
5820
5821
5822
5824
5825
5826
5827
5829
5836
5836
5836
5837
5840
5841
5843
5843
5843
5846
5847
5848
5850
5852
5852
5855
5857
5858
5861
5866
5868
5869
5869
5870
5870
5872
5877
5879
5880
5884
5889
5890
5892
5893
5894
5895
5896
5897
5898
5898
5898
5898
5901
5902
5902
5904
5906
5906
5906
5908
5908
5917
5920
5921
5925
5927
5932
5937
5937
5938
5940
5941
5946
5955
5957
5959
5961
5961
5963
5965
5967
5978
5979
5984
5985
5989
5991
5992
5995
5999
6001
6001
6003
6003
6005
6007
6008
6009
6011
6012
6012
6012
6012
6014
6016
6019
6021
6027
6028
6032
6033
6034
6039
6042
6045
6045
6047
6049
6049
6052
6064
6068
6069
6071
6073
6073
6076
6078
6080
6081
6083
6090
6093
6094
6097
6099
6100
6104
6106
6108
6108
6109
6109
6112
6113
6114
6114
6120
6120
6122
6131
6132
6137
6138
6139
6139
6144
6147
6147
6148
6149
6155
6157
6158
6160
6161
6162
6166
6168
6169
6172
6172
6179
6179
6181
6185
6191
6193
6198
6200
6200
6202
6202
6203
6205
6207
6208
6210
6211
6214
6214
6215
6218
6219
6221
6221
6223
6225
6225
6234
6235
6238
6240
6242
6243
6246
6251
6253
6258
6258
6258
6259
6259
6262
6268
6270
6270
6277
6285
6286
6287
6288
6291
6291
6293
6296
6297
6297
6298
6299
6301
6304
6304
6308
6308
6308
6309
6315
6316
6320
6323
6326
6327
6331
6331
6333
6335
6335
6338
6339
6348
6349
6351
6351
6352
6355
6363
6366
6370
6377
6377
6378
6383
6383
6385
6386
6390
6391
6392
6392
6392
6393
6397
6398
6401
6401
6404
6408
6411
6415
6415
6415
6417
6423
6427
6427
6427
6428
6430
6437
6437
6438
6438
6438
6441
6442
6444
6444
6444
6445
6453
6458
6460
6461
6462
6463
6465
6467
6470
6474
6474
6476
6477
6478
6480
6480
6480
6481
6484
6485
6489
6490
6490
6491
6492
6492
6493
6495
6496
6497
6501
6504
6505
6505
6505
6506
6506
6507
6508
6509
6509
6510
6512
6517
6518
6518
6519
6523
6525
6527
6528
6534
6535
6538
6542
6546
6549
6550
6557
6559
6561
6562
6566
6569
6571
6572
6572
6573
6577
6580
6581
6582
6583
6583
6584
6586
6591
6591
6591
6594
6594
6595
6596
6597
6597
6600
6601
6604
6608
6609
6614
6615
6616
6617
6618
6625
6626
6626
6627
6629
6637
6638
6638
6641
6646
6647
6651
6653
6654
6656
6658
6662
6663
6664
6667
6668
6669
6673
6674
6675
6676
6676
6680
6680
6684
6687
6687
6690
6690
6691
6692
6694
6695
6696
6696
6698
6698
6701
6701
6703
6705
6705
6707
6710
6712
6715
6715
6716
6716
6717
6719
6720
6720
6721
6724
6727
6728
6733
6736
6738
6738
6739
6740
6740
6742
6745
6745
6746
6746
6747
6750
6751
6753
6755
6760
6762
6764
6768
6774
6774
6777
6778
6779
6779
6782
6782
6784
6788
6788
6790
6793
6793
6801
6803
6803
6805
6805
6806
6806
6807
6809
6809
6809
6814
6814
6814
6815
6818
6821
6825
6827
6829
6831
6833
6835
6837
6838
6839
6841
6842
6843
6847
6856
6857
6858
6861
6862
6862
6862
6863
6863
6865
6866
6868
6878
6878
6886
6886
6891
6891
6893
6894
6899
6900
6900
6901
6902
6902
6906
6910
6910
6913
6918
6919
6920
6923
6923
6924
6924
6925
6926
6926
6927
6928
6928
6929
6930
6931
6931
6932
6932
6937
6938
6938
6939
6940
6944
6950
6954
6960
6961
6961
6962
6963
6970
6971
6971
6971
6973
6977
6983
6983
6984
6985
6989
6989
6991
6991
6997
6997
7002
7005
7006
7007
7008
7009
7010
7010
7011
7014
7014
7015
7021
7021
7026
7032
7036
7037
7040
7041
7046
7056
7057
7061
7064
7066
7069
7073
7073
7074
7074
7075
7077
7078
7078
7078
7080
7082
7083
7083
7084
7086
7088
7088
7088
7089
7094
7095
7096
7096
7097
7099
7099
7099
7102
7106
7106
7107
7109
7110
7110
7112
7113
7119
7124
7125
7133
7133
7133
7141
7145
7149
7150
7152
7154
7156
7156
7156
7158
7160
7165
7167
7167
7170
7175
7178
7179
7185
7189
7191
7196
7201
7203
7204
7204
7207
7207
7208
7209
7215
7215
7218
7222
7222
7223
7229
7233
7237
7238
7242
7242
7243
7248
7252
7253
7253
7254
7255
7256
7262
7263
7264
7266
7267
7268
7269
7270
7274
7274
7275
7276
7282
7284
7284
7287
7288
7293
7293
7294
7295
7297
7298
7298
7299
7305
7305
7306
7307
7309
7310
7311
7312
7313
7320
7323
7323
7323
7325
7326
7327
7327
7333
7333
7333
7336
7336
7339
7342
7343
7344
7347
7349
7351
7351
7351
7356
7360
7361
7361
7361
7363
7363
7364
7366
7370
7370
7372
7382
7382
7385
7385
7386
7387
7390
7392
7398
7402
7410
7411
7412
7413
7414
7417
7420
7421
7424
7425
7426
7427
7429
7432
7432
7433
7435
7435
7435
7436
7438
7439
7444
7448
7450
7450
7456
7461
7463
7464
7465
7466
7469
7470
7476
7476
7477
7480
7481
7486
7489
7489
7491
7494
7494
7497
7500
7502
7505
7507
7507
7511
7512
7514
7514
7516
7518
7518
7520
7522
7523
7529
7530
7533
7534
7536
7537
7537
7539
7542
7544
7547
7548
7549
7549
7551
7553
7557
7558
7559
7563
7565
7567
7571
7572
7573
7576
7577
7578
7579
7580
7581
7582
7584
7585
7585
7586
7588
7590
7592
7594
7595
7597
7598
7600
7600
7604
7605
7609
7612
7612
7613
7613
7620
7620
7621
7625
7628
7631
7633
7633
7634
7635
7637
7637
7637
7638
7640
7643
7643
7645
7647
7648
7649
7650
7650
7651
7656
7659
7661
7668
7669
7669
7674
7676
7681
7681
7684
7685
7688
7691
7691
7692
7695
7697
7698
7700
7701
7702
7703
7704
7707
7713
7717
7718
7719
7720
7721
7722
7722
7724
7725
7726
7731
7734
7735
7735
7738
7738
7738
7739
7740
7740
7745
7746
7749
7753
7753
7757
7759
7760
7760
7760
7763
7769
7769
7772
7774
7774
7775
7776
7779
7781
7787
7789
7790
7795
7798
7806
7806
7808
7812
7814
7815
7822
7824
7825
7827
7832
7836
7837
7837
7837
7838
7839
7841
7842
7844
7845
7847
7850
7851
7851
7851
7851
7855
7856
7860
7861
7866
7867
7871
7874
7874
7875
7880
7886
7888
7892
7897
7901
7903
7906
7911
7914
7922
7923
7925
7927
7929
7931
7932
7932
7934
7935
7935
7936
7949
7952
7953
7954
7954
7955
7958
7959
7961
7962
7967
7969
7972
7977
7977
7978
7981
7981
7983
7984
7987
7990
7991
7991
7993
7997
7998
7998
8000
8002
8007
8008
8008
8011
8011
8013
8017
8020
8022
8025
8026
8027
8027
8029
8039
8049
8049
8049
8053
8054
8054
8054
8054
8057
8059
8064
8065
8068
8073
8073
8074
8075
8075
8075
8075
8078
8082
8082
8086
8089
8090
8099
8100
8102
8103
8105
8105
8106
8108
8109
8113
8118
8119
8122
8123
8127
8128
8131
8133
8133
8134
8135
8135
8137
8141
8144
8145
8145
8147
8152
8152
8154
8155
8155
8157
8158
8161
8161
8164
8167
8167
8173
8174
8175
8175
8176
8176
8176
8177
8178
8178
8180
8184
8187
8196
8196
8197
8198
8199
8199
8201
8202
8202
8203
8204
8209
8209
8210
8213
8214
8216
8218
8218
8220
8221
8222
8224
8224
8225
8229
8229
8231
8233
8234
8237
8242
8242
8244
8256
8259
8259
8261
8264
8265
8266
8266
8267
8268
8268
8270
8275
8277
8278
8281
8284
8286
8288
8289
8290
8291
8291
8293
8294
8295
8296
8296
8297
8298
8299
8301
8301
8306
8309
8310
8310
8313
8313
8315
8316
8316
8316
8316
8319
8321
8324
8324
8325
8328
8332
8333
8335
8342
8348
8351
8354
8355
8356
8360
8360
8362
8363
8364
8365
8365
8366
8366
8367
8368
8369
8370
8371
8374
8378
8378
8378
8378
8381
8382
8386
8386
8388
8388
8389
8392
8396
8400
8400
8401
8402
8403
8406
8407
8412
8417
8421
8425
8428
8432
8432
8433
8435
8437
8440
8441
8443
8444
8445
8446
8450
8453
8453
8456
8456
8458
8459
8461
8462
8463
8465
8469
8469
8478
8480
8484
8486
8486
8489
8489
8490
8490
8491
8493
8495
8499
8499
8507
8507
8517
8520
8522
8525
8527
8527
8529
8537
8542
8543
8544
8544
8545
8555
8556
8558
8561
8563
8567
8570
8572
8577
8579
8580
8581
8581
8582
8582
8583
8588
8590
8591
8592
8593
8598
8602
8604
8606
8608
8611
8614
8614
8614
8615
8618
8619
8623
8625
8628
8629
8634
8640
8641
8644
8644
8648
8648
8649
8652
8653
8654
8655
8655
8656
8656
8657
8657
8659
8660
8668
8668
8669
8671
8678
8678
8679
8679
8679
8685
8685
8686
8687
8688
8690
8691
8691
8695
8696
8697
8698
8702
8703
8704
8704
8704
8705
8707
8714
8718
8721
8726
8729
8731
8733
8735
8738
8741
8743
8743
8743
8745
8747
8754
8755
8757
8759
8760
8762
8763
8764
8764
8771
8773
8778
8779
8788
8788
8789
8789
8790
8792
8800
8801
8801
8801
8804
8805
8813
8813
8814
8818
8819
8822
8827
8829
8831
8833
8836
8836
8837
8839
8844
8846
8846
8847
8851
8853
8855
8856
8857
8862
8862
8864
8865
8867
8867
8874
8877
8877
8879
8880
8882
8883
8885
8887
8887
8888
8889
8889
8890
8891
8892
8893
8893
8894
8896
8896
8903
8905
8906
8909
8910
8910
8912
8913
8914
8918
8919
8921
8926
8927
8929
8930
8937
8939
8941
8941
8943
8943
8944
8944
8945
8945
8946
8948
8951
8953
8953
8956
8959
8959
8961
8965
8967
8968
8972
8974
8977
8979
8981
8982
8984
8985
8986
8990
8990
8994
8994
8996
8997
8997
8998
9001
9003
9003
9009
9010
9014
9015
9016
9016
9016
9025
9026
9029
9030
9031
9034
9035
9036
9040
9044
9045
9046
9048
9050
9051
9051
9053
9055
9055
9057
9057
9071
9071
9075
9075
9078
9078
9079
9080
9080
9083
9084
9085
9085
9087
9091
9094
9094
9096
9101
9103
9105
9106
9106
9107
9111
9118
9118
9124
9125
9128
9129
9131
9133
9135
9140
9143
9145
9145
9152
9155
9155
9157
9157
9159
9161
9162
9163
9164
9166
9167
9167
9167
9169
9172
9172
9173
9174
9174
9174
9175
9178
9178
9178
9183
9186
9188
9188
9189
9195
9196
9197
9199
9203
9203
9204
9204
9207
9209
9216
9216
9223
9223
9228
9229
9230
9230
9232
9232
9232
9232
9233
9233
9236
9239
9240
9241
9243
9243
9244
9247
9248
9248
9251
9254
9256
9259
9260
9261
9267
9268
9275
9277
9277
9284
9284
9285
9288
9289
9290
9293
9300
9301
9307
9307
9307
9308
9308
9312
9319
9321
9322
9324
9325
9326
9328
9328
9329
9330
9330
9331
9331
9333
9333
9333
9334
9339
9341
9343
9343
9347
9347
9348
9349
9351
9351
9352
9353
9357
9360
9365
9366
9368
9368
9371
9374
9375
9379
9381
9381
9383
9384
9385
9387
9389
9390
9392
9397
9397
9401
9404
9406
9410
9411
9412
9414
9414
9415
9419
9419
9426
9428
9430
9431
9434
9435
9437
9438
9438
9442
9443
9443
9444
9449
9449
9454
9455
9456
9456
9457
9457
9459
9460
9462
9462
9465
9465
9466
9467
9467
9470
9470
9470
9473
9474
9478
9479
9482
9482
9483
9486
9487
9487
9490
9490
9491
9493
9494
9496
9500
9508
9510
9512
9518
9520
9521
9527
9527
9528
9530
9532
9532
9535
9539
9541
9544
9551
9554
9562
9563
9564
9566
9566
9569
9571
9578
9579
9583
9589
9592
9593
9594
9594
9595
9595
9599
9602
9603
9604
9604
9608
9610
9612
9614
9616
9618
9619
9622
9628
9635
9635
9637
9637
9638
9639
9639
9640
9640
9640
9643
9646
9648
9649
9652
9653
9657
9658
9661
9661
9662
9664
9667
9669
9669
9671
9672
9673
9677
9677
9679
9681
9686
9687
9691
9694
9698
9698
9699
9705
9706
9708
9711
9711
9716
9717
9718
9719
9725
9725
9727
9728
9729
9734
9738
9739
9740
9741
9744
9744
9750
9751
9756
9762
9765
9765
9767
9768
9768
9772
9773
9773
9774
9776
9782
9785
9789
9789
9791
9791
9791
9792
9798
9800
9801
9801
9806
9808
9810
9813
9816
9816
9816
9820
9823
9825
9827
9836
9837
9840
9843
9843
9844
9848
9848
9851
9851
9851
9857
9858
9859
9868
9869
9870
9871
9872
9872
9875
9879
9883
9883
9883
9885
9885
9886
9887
9895
9896
9896
9898
9901
9902
9904
9906
9907
9913
9915
9915
9924
9927
9929
9931
9932
9937
9941
9942
9942
9948
9953
9955
9955
9962
9963
9965
9965
9968
9970
9972
9973
9978
9979
9979
9980
9981
9986
9988
9990
9992
9992
9995
