1
2
5
10
12
14
15
18
20
22
25
27
28
29
30
32
37
39
41
41
43
45
46
47
48
50
51
52
54
56
60
60
65
65
68
75
82
82
83
85
86
94
104
108
109
118
118
121
121
122
124
126
126
127
128
133
134
135
135
136
138
145
148
149
151
152
152
153
154
156
156
159
159
161
165
168
169
169
171
173
173
178
179
181
181
186
189
189
193
194
197
200
200
209
211
216
217
217
222
222
223
224
229
236
239
241
244
245
248
249
252
254
256
260
261
262
263
264
264
265
266
270
272
278
282
283
287
289
291
292
293
296
297
299
299
303
304
305
305
307
309
310
311
312
312
312
312
314
315
315
320
320
324
325
332
333
335
336
338
338
341
343
345
352
356
356
359
361
362
364
368
368
369
370
372
373
379
380
383
383
385
386
388
389
390
392
392
394
394
394
401
407
410
411
417
418
419
424
427
435
437
437
438
439
440
440
444
444
446
446
447
449
453
458
458
463
463
465
466
470
475
477
481
484
484
485
487
490
490
491
492
493
493
493
497
501
502
503
507
508
509
514
515
515
515
516
523
523
525
527
527
528
528
529
532
533
533
539
543
544
545
545
546
548
549
551
552
553
553
555
557
559
561
563
567
568
569
569
571
571
572
575
575
576
577
577
580
584
584
585
586
587
589
593
596
597
598
598
601
602
606
606
610
612
614
616
616
617
617
618
625
625
625
629
629
629
631
633
633
633
638
641
646
646
647
647
649
650
653
654
654
657
657
658
664
666
668
670
675
679
683
683
684
685
685
687
691
693
693
694
694
699
700
704
705
709
711
716
726
729
729
731
734
738
740
740
741
743
745
745
751
752
752
757
758
761
765
765
766
766
766
767
768
771
773
775
777
778
783
783
785
788
796
798
799
800
800
803
809
811
812
812
813
814
815
816
819
819
822
822
822
825
825
826
827
828
829
830
834
835
837
839
840
843
843
846
851
856
858
859
863
864
864
865
873
874
878
878
887
887
889
892
892
895
897
898
900
901
902
905
907
909
909
913
913
915
916
919
924
926
928
929
933
935
935
938
939
942
942
945
945
948
948
949
950
951
951
952
952
955
966
967
969
970
975
976
977
977
980
980
988
988
992
994
996
999
1001
1001
1004
1004
1006
1008
1012
1013
1013
1014
1018
1019
1021
1030
1030
1033
1034
1034
1036
1037
1038
1038
1042
1048
1050
1054
1055
1058
1063
1063
1067
1067
1068
1069
1069
1070
1071
1072
1074
1075
1077
1078
1078
1080
1080
1081
1081
1083
1083
1086
1088
1088
1090
1090
1092
1094
1095
1097
1101
1108
1109
1111
1114
1117
1121
1122
1123
1129
1132
1136
1139
1142
1150
1150
1151
1151
1152
1153
1153
1153
1155
1157
1161
1161
1162
1162
1166
1168
1169
1171
1172
1172
1174
1174
1176
1179
1179
1180
1182
1182
1182
1183
1183
1184
1184
1186
1187
1190
1193
1198
1199
1203
1205
1205
1207
1217
1219
1220
1220
1224
1226
1231
1232
1237
1238
1243
1243
1245
1249
1250
1252
1255
1255
1258
1259
1260
1261
1262
1266
1267
1270
1270
1275
1275
1275
1278
1279
1282
1282
1283
1283
1284
1287
1289
1291
1293
1294
1294
1295
1298
1300
1303
1303
1304
1306
1310
1311
1312
1313
1316
1323
1324
1327
1328
1333
1334
1336
1336
1337
1344
1345
1345
1346
1349
1349
1350
1350
1350
1351
1352
1352
1353
1353
1353
1355
1366
1369
1373
1374
1376
1376
1378
1378
1384
1394
1396
1396
1398
1400
1402
1403
1407
1411
1411
1413
1414
1415
1415
1416
1417
1418
1418
1419
1419
1421
1422
1423
1427
1429
1430
1431
1433
1435
1437
1440
1440
1440
1441
1445
1445
1448
1449
1449
1450
1454
1455
1456
1457
1458
1460
1460
1461
1463
1465
1468
1470
1472
1473
1474
1476
1477
1478
1480
1480
1482
1482
1484
1488
1489
1497
1499
1501
1501
1502
1504
1504
1504
1505
1508
1509
1510
1514
1517
1519
1519
1519
1520
1521
1521
1523
1523
1525
1528
1531
1531
1537
1546
1546
1548
1548
1552
1555
1558
1559
1562
1565
1567
1569
1569
1570
1573
1575
1577
1578
1579
1580
1580
1585
1585
1588
1593
1594
1599
1600
1600
1602
1605
1609
1610
1611
1612
1615
1616
1616
1620
1623
1623
1625
1625
1625
1626
1628
1628
1629
1632
1634
1634
1635
1639
1640
1641
1641
1642
1645
1647
1649
1664
1669
1671
1672
1673
1674
1676
1678
1678
1679
1679
1680
1680
1682
1682
1683
1687
1687
1688
1689
1696
1701
1703
1704
1705
1712
1713
1718
1718
1720
1722
1723
1725
1726
1726
1727
1728
1729
1729
1735
1738
1741
1742
1743
1743
1748
1748
1759
1759
1761
1764
1767
1768
1770
1772
1773
1775
1775
1778
1779
1780
1782
1795
1795
1796
1797
1803
1805
1806
1807
1811
1812
1816
1817
1818
1822
1824
1824
1826
1830
1833
1837
1840
1840
1840
1840
1841
1845
1847
1849
1850
1850
1858
1859
1860
1863
1864
1869
1877
1879
1881
1881
1882
1887
1891
1891
1891
1892
1896
1897
1902
1905
1908
1910
1911
1912
1915
1918
1920
1922
1924
1924
1927
1927
1928
1929
1930
1932
1933
1934
1936
1937
1944
1956
1956
1957
1958
1965
1968
1970
1972
1973
1973
1975
1980
1983
1985
1989
1995
1999
2001
2002
2003
2006
2009
2010
2012
2013
2019
2019
2020
2024
2028
2032
2034
2034
2035
2037
2038
2039
2040
2041
2044
2047
2051
2051
2052
2058
2065
2067
2070
2075
2076
2077
2078
2079
2086
2086
2087
2091
2092
2092
2094
2094
2094
2095
2098
2100
2100
2101
2102
2104
2105
2106
2108
2114
2114
2116
2117
2121
2121
2130
2138
2138
2139
2142
2142
2142
2143
2143
2144
2146
2152
2152
2153
2153
2162
2162
2163
2164
2165
2166
2167
2169
2170
2172
2176
2176
2179
2179
2180
2183
2183
2185
2187
2188
2189
2189
2195
2196
2203
2203
2204
2207
2208
2211
2212
2213
2215
2221
2222
2223
2227
2231
2232
2234
2236
2239
2241
2258
2259
2259
2262
2264
2266
2267
2268
2271
2272
2273
2274
2278
2279
2279
2280
2280
2282
2284
2287
2290
2291
2296
2297
2298
2299
2300
2301
2301
2302
2302
2308
2309
2309
2309
2317
2319
2321
2322
2323
2326
2326
2329
2330
2331
2342
2342
2343
2347
2350
2351
2354
2355
2357
2358
2360
2361
2362
2362
2363
2369
2376
2376
2378
2379
2380
2384
2384
2386
2386
2386
2389
2392
2394
2397
2398
2399
2401
2403
2404
2404
2408
2410
2411
2415
2418
2418
2421
2422
2423
2425
2429
2431
2432
2433
2435
2435
2436
2442
2445
2453
2454
2454
2455
2455
2455
2455
2456
2458
2459
2462
2463
2469
2470
2478
2479
2480
2481
2483
2483
2485
2486
2490
2490
2494
2495
2498
2501
2501
2506
2506
2508
2513
2514
2516
2517
2520
2520
2526
2529
2530
2531
2534
2538
2544
2546
2547
2548
2549
2550
2563
2564
2564
2565
2568
2572
2575
2577
2580
2580
2584
2585
2587
2589
2590
2592
2593
2594
2596
2600
2601
2608
2608
2609
2610
2610
2612
2614
2614
2617
2619
2621
2622
2624
2625
2630
2630
2632
2633
2635
2640
2641
2641
2642
2644
2645
2648
2648
2650
2652
2654
2658
2660
2665
2666
2666
2666
2668
2668
2669
2670
2674
2674
2677
2678
2678
2680
2680
2682
2682
2683
2690
2691
2693
2695
2699
2700
2702
2706
2707
2710
2712
2714
2714
2719
2719
2721
2722
2724
2728
2729
2733
2735
2736
2737
2738
2740
2742
2744
2747
2747
2750
2752
2753
2754
2757
2759
2759
2761
2761
2762
2763
2765
2766
2766
2769
2774
2776
2777
2778
2779
2781
2781
2782
2782
2790
2791
2794
2801
2802
2803
2809
2813
2813
2819
2820
2820
2821
2821
2824
2827
2828
2829
2829
2829
2830
2832
2832
2832
2832
2833
2834
2834
2834
2836
2836
2839
2839
2843
2849
2851
2853
2854
2855
2856
2860
2863
2870
2870
2876
2878
2879
2880
2882
2882
2883
2883
2888
2889
2889
2889
2891
2895
2897
2898
2899
2899
2902
2904
2905
2906
2911
2911
2912
2914
2914
2918
2920
2921
2921
2923
2928
2929
2931
2933
2938
2938
2941
2945
2946
2947
2950
2951
2951
2955
2958
2958
2960
2961
2967
2969
2969
2973
2973
2974
2977
2977
2979
2981
2981
2983
2983
2987
2988
2992
2994
2994
3000
3000
3003
3007
3010
3018
3021
3022
3023
3024
3027
3030
3030
3033
3034
3035
3036
3036
3038
3038
3038
3040
3049
3050
3057
3058
3059
3061
3062
3077
3079
3080
3086
3088
3089
3091
3092
3092
3094
3095
3096
3096
3097
3098
3100
3101
3101
3101
3105
3108
3111
3112
3112
3113
3117
3118
3123
3126
3127
3128
3128
3137
3138
3140
3141
3141
3141
3141
3143
3145
3148
3149
3153
3155
3155
3163
3166
3166
3167
3169
3170
3171
3171
3172
3179
3180
3183
3184
3184
3188
3197
3197
3207
3207
3208
3210
3210
3211
3214
3217
3217
3218
3218
3219
3220
3223
3224
3224
3225
3226
3226
3226
3229
3234
3235
3238
3239
3239
3240
3246
3247
3247
3251
3251
3252
3254
3256
3259
3259
3259
3260
3265
3265
3267
3268
3271
3271
3274
3276
3276
3278
3279
3280
3281
3283
3284
3291
3292
3292
3294
3295
3295
3298
3299
3303
3304
3306
3308
3309
3312
3314
3314
3317
3317
3324
3324
3328
3328
3331
3334
3337
3338
3339
3341
3343
3343
3345
3351
3352
3352
3353
3354
3356
3364
3366
3368
3369
3370
3374
3377
3379
3380
3380
3381
3381
3387
3390
3391
3391
3397
3397
3397
3399
3400
3400
3400
3404
3405
3406
3411
3412
3414
3414
3417
3420
3422
3425
3433
3435
3438
3438
3441
3445
3447
3447
3450
3450
3451
3451
3453
3454
3454
3462
3465
3467
3473
3475
3477
3478
3484
3489
3492
3495
3499
3499
3501
3504
3504
3506
3511
3515
3519
3519
3524
3526
3530
3530
3531
3531
3532
3534
3535
3536
3539
3539
3542
3544
3545
3546
3550
3552
3553
3554
3556
3557
3557
3561
3561
3561
3564
3565
3567
3568
3569
3571
3577
3579
3584
3585
3586
3587
3588
3590
3591
3591
3593
3595
3596
3597
3598
3599
3603
3606
3607
3610
3612
3613
3614
3617
3619
3619
3621
3622
3624
3624
3625
3626
3627
3628
3629
3633
3634
3636
3637
3638
3643
3649
3653
3657
3662
3664
3664
3664
3665
3665
3665
3666
3668
3668
3670
3671
3673
3673
3674
3675
3677
3677
3678
3678
3685
3686
3687
3689
3694
3694
3694
3694
3696
3697
3697
3700
3700
3701
3701
3702
3702
3704
3706
3707
3707
3708
3710
3712
3716
3716
3717
3717
3719
3720
3724
3725
3725
3729
3731
3731
3732
3733
3735
3735
3739
3742
3743
3747
3748
3748
3748
3750
3750
3752
3757
3761
3761
3762
3764
3764
3765
3766
3772
3776
3777
3778
3779
3782
3786
3787
3792
3792
3792
3797
3799
3803
3808
3810
3814
3815
3815
3818
3819
3819
3823
3824
3827
3829
3829
3831
3832
3833
3833
3835
3835
3837
3838
3843
3846
3849
3850
3850
3850
3852
3854
3854
3857
3857
3857
3858
3860
3862
3866
3868
3872
3874
3875
3879
3880
3881
3881
3884
3885
3887
3891
3893
3894
3897
3903
3903
3904
3905
3907
3909
3909
3910
3912
3913
3914
3914
3916
3917
3919
3920
3923
3928
3932
3934
3938
3939
3941
3941
3944
3946
3949
3949
3950
3951
3952
3954
3954
3955
3957
3959
3965
3965
3967
3972
3973
3975
3984
3988
3988
3990
3990
3995
3996
3996
3999
4000
4002
4007
4008
4010
4012
4013
4013
4017
4025
4026
4030
4035
4038
4038
4042
4045
4045
4048
4051
4051
4052
4053
4053
4053
4053
4060
4061
4064
4065
4068
4069
4069
4071
4075
4076
4078
4079
4093
4093
4096
4097
4097
4101
4103
4107
4111
4111
4111
4114
4115
4115
4116
4118
4120
4120
4120
4123
4125
4137
4138
4140
4141
4143
4144
4145
4146
4146
4148
4148
4149
4149
4150
4151
4152
4153
4159
4159
4162
4163
4163
4164
4166
4169
4170
4171
4177
4182
4186
4188
4189
4192
4192
4193
4194
4194
4197
4197
4198
4199
4200
4201
4205
4208
4210
4212
4213
4215
4222
4225
4226
4230
4230
4230
4231
4231
4232
4233
4234
4237
4238
4239
4239
4243
4244
4246
4249
4251
4251
4252
4252
4253
4260
4261
4265
4268
4273
4277
4279
4281
4281
4281
4282
4285
4290
4290
4296
4297
4300
4302
4302
4308
4313
4315
4320
4320
4322
4327
4328
4334
4340
4342
4344
4345
4347
4350
4351
4352
4356
4356
4356
4357
4358
4362
4364
4364
4365
4366
4366
4370
4372
4373
4373
4378
4379
4380
4381
4382
4385
4387
4387
4389
4390
4390
4391
4394
4394
4398
4403
4413
4413
4414
4416
4416
4416
4417
4419
4423
4435
4436
4440
4440
4441
4441
4444
4444
4450
4450
4451
4452
4452
4453
4454
4454
4455
4458
4459
4461
4469
4470
4471
4472
4477
4478
4480
4483
4491
4495
4498
4498
4499
4500
4503
4504
4506
4507
4507
4510
4510
4514
4518
4520
4521
4521
4531
4533
4534
4534
4539
4539
4542
4545
4547
4549
4551
4551
4552
4553
4555
4556
4558
4559
4562
4562
4568
4574
4575
4578
4578
4584
4585
4587
4588
4588
4591
4592
4593
4604
4605
4606
4610
4611
4620
4621
4624
4624
4626
4626
4628
4628
4629
4632
4633
4637
4637
4638
4643
4643
4644
4648
4650
4652
4653
4653
4656
4656
4658
4659
4661
4662
4663
4664
4668
4670
4671
4674
4678
4680
4681
4682
4683
4685
4686
4690
4698
4702
4703
4705
4705
4706
4707
4708
4709
4712
4715
4716
4718
4719
4721
4724
4728
4729
4730
4730
4732
4738
4741
4741
4744
4747
4747
4748
4750
4751
4751
4752
4754
4755
4758
4760
4762
4764
4764
4764
4766
4769
4779
4785
4786
4787
4788
4790
4790
4792
4793
4793
4795
4795
4796
4800
4800
4801
4801
4803
4803
4803
4804
4804
4806
4806
4809
4809
4811
4812
4812
4812
4813
4815
4816
4819
4822
4825
4832
4837
4837
4838
4839
4841
4842
4844
4845
4849
4854
4854
4856
4856
4857
4858
4862
4862
4863
4868
4868
4870
4871
4876
4878
4879
4881
4883
4883
4885
4887
4889
4890
4894
4896
4897
4899
4899
4900
4905
4906
4909
4909
4910
4910
4912
4914
4914
4917
4918
4918
4924
4928
4931
4934
4935
4935
4940
4941
4942
4944
4944
4949
4955
4957
4959
4962
4966
4967
4970
4970
4971
4973
4974
4974
4976
4977
4978
4979
4988
4993
4994
4995
4995
4995
4995
4998
4998
4999
5002
5006
5006
5006
5007
5007
5008
5009
5010
5012
5013
5016
5017
5025
5025
5026
5026
5026
5031
5033
5035
5039
5042
5043
5045
5047
5050
5051
5055
5055
5057
5057
5062
5062
5062
5064
5065
5065
5065
5066
5069
5070
5072
5075
5077
5077
5078
5084
5085
5085
5085
5086
5092
5093
5094
5096
5100
5101
5101
5102
5104
5104
5106
5111
5113
5115
5116
5121
5123
5124
5126
5128
5132
5134
5135
5135
5135
5137
5140
5141
5141
5143
5146
5147
5149
5152
5152
5153
5161
5166
5167
5167
5168
5168
5173
5174
5175
5176
5179
5180
5182
5183
5186
5187
5187
5188
5192
5193
5195
5195
5198
5200
5200
5201
5203
5209
5209
5210
5212
5215
5215
5215
5216
5220
5220
5220
5221
5224
5228
5233
5235
5237
5241
5245
5246
5246
5247
5247
5248
5248
5256
5257
5259
5260
5262
5266
5268
5270
5271
5272
5273
5276
5276
5279
5279
5282
5284
5288
5288
5298
5299
5301
5302
5303
5303
5306
5308
5309
5310
5311
5314
5317
5319
5320
5320
5329
5330
5331
5332
5333
5333
5334
5336
5337
5339
5344
5345
5346
5347
5349
5349
5349
5351
5352
5353
5353
5359
5364
5367
5367
5368
5370
5370
5370
5371
5373
5379
5382
5383
5384
5385
5387
5391
5392
5397
5397
5398
5401
5404
5404
5404
5408
5410
5411
5412
5413
5415
5417
5419
5419
5421
5423
5424
5426
5427
5428
5430
5431
5433
5434
5434
5435
5437
5437
5437
5437
5440
5441
5442
5448
5453
5459
5460
5463
5464
5469
5469
5473
5474
5480
5481
5483
5484
5487
5488
5490
5490
5493
5495
5498
5498
5501
5501
5510
5515
5516
5516
5518
5518
5518
5518
5523
5523
5523
5526
5527
5527
5532
5537
5537
5538
5539
5543
5545
5546
5547
5553
5554
5555
5556
5556
5557
5559
5559
5559
5562
5565
5566
5566
5567
5568
5570
5571
5574
5577
5578
5578
5579
5581
5584
5586
5587
5588
5588
5590
5595
5597
5597
5601
5603
5605
5605
5608
5609
5610
5612
5612
5615
5615
5616
5620
5623
5626
5627
5628
5628
5630
5633
5637
5641
5643
5645
5645
5646
5650
5651
5652
5655
5656
5660
5661
5666
5669
5669
5670
5671
5673
5675
5676
5677
5678
5678
5678
5681
5681
5681
5683
5687
5687
5693
5696
5700
5701
5701
5701
5703
5704
5704
5708
5708
5710
5713
5714
5717
5720
5720
5723
5724
5728
5730
5732
5732
5736
5736
5739
5739
5740
5741
5745
5745
5746
5751
5752
5753
5754
5757
5757
5759
5761
5762
5762
5762
5768
5771
5772
5773
5774
5776
5778
5779
5780
5781
5784
5786
5787
5788
5789
5789
5796
5798
5799
5801
5808
5809
5811
5812
5821
5822
5824
5824
5824
5825
5826
5831
5831
5838
5840
5840
5841
5842
5843
5843
5845
5846
5847
5852
5854
5854
5855
5860
5862
5863
5865
5866
5867
5869
5875
5876
5877
5878
5878
5878
5878
5883
5883
5883
5884
5886
5889
5892
5892
5893
5897
5899
5904
5905
5911
5912
5913
5914
5915
5919
5920
5921
5923
5924
5925
5925
5926
5927
5930
5930
5932
5937
5937
5937
5940
5941
5941
5943
5947
5953
5958
5959
5960
5963
5965
5970
5971
5972
5974
5978
5979
5980
5980
5982
5984
5988
5989
5993
5997
5997
5999
6001
6001
6002
6002
6004
6005
6008
6008
6008
6009
6009
6011
6014
6015
6015
6016
6016
6017
6020
6020
6020
6021
6021
6025
6027
6029
6030
6030
6034
6034
6034
6038
6039
6044
6051
6053
6055
6059
6059
6061
6067
6069
6069
6072
6072
6073
6073
6076
6077
6081
6082
6086
6088
6090
6090
6091
6092
6097
6098
6099
6101
6105
6106
6106
6106
6108
6109
6113
6117
6120
6121
6122
6123
6126
6127
6129
6129
6131
6132
6133
6134
6135
6135
6138
6139
6142
6142
6144
6144
6147
6147
6153
6154
6157
6158
6166
6167
6168
6172
6174
6180
6183
6184
6187
6188
6192
6193
6197
6198
6198
6198
6199
6200
6201
6204
6205
6208
6212
6217
6217
6219
6223
6224
6224
6226
6226
6229
6234
6237
6241
6250
6252
6255
6256
6257
6260
6262
6264
6266
6267
6271
6271
6274
6276
6278
6280
6281
6285
6291
6293
6295
6298
6300
6300
6301
6308
6313
6318
6322
6333
6336
6338
6342
6342
6343
6344
6345
6346
6349
6352
6353
6353
6356
6357
6361
6368
6371
6378
6380
6382
6388
6389
6389
6390
6391
6392
6396
6396
6398
6406
6407
6412
6417
6419
6426
6428
6429
6430
6433
6436
6437
6437
6437
6439
6440
6441
6447
6450
6450
6453
6455
6457
6461
6463
6465
6465
6466
6473
6476
6476
6478
6478
6481
6485
6486
6488
6489
6489
6489
6491
6495
6498
6499
6500
6501
6502
6506
6509
6512
6513
6516
6521
6522
6522
6522
6523
6528
6531
6536
6540
6548
6551
6552
6553
6553
6555
6556
6559
6565
6567
6567
6571
6571
6572
6574
6578
6580
6580
6582
6583
6583
6585
6587
6588
6589
6590
6595
6602
6605
6606
6610
6612
6614
6615
6616
6616
6619
6619
6634
6634
6636
6636
6638
6639
6640
6641
6642
6645
6646
6647
6650
6654
6655
6657
6660
6661
6661
6662
6662
6662
6669
6671
6672
6672
6674
6680
6689
6693
6697
6697
6697
6700
6701
6701
6705
6708
6709
6713
6714
6717
6721
6722
6722
6722
6723
6723
6724
6726
6726
6727
6727
6728
6729
6732
6738
6739
6740
6741
6743
6744
6745
6751
6751
6754
6756
6757
6758
6760
6762
6765
6767
6767
6768
6773
6774
6784
6785
6785
6787
6787
6790
6790
6791
6796
6797
6799
6800
6802
6803
6810
6813
6815
6820
6820
6826
6828
6829
6830
6832
6833
6833
6834
6835
6836
6837
6839
6842
6845
6845
6848
6848
6850
6855
6856
6857
6857
6857
6858
6858
6859
6861
6861
6869
6872
6875
6876
6880
6880
6881
6881
6882
6883
6883
6886
6888
6892
6893
6896
6896
6898
6900
6902
6905
6905
6906
6908
6908
6909
6913
6913
6915
6917
6917
6919
6919
6920
6921
6921
6923
6925
6932
6934
6937
6947
6947
6948
6948
6951
6952
6956
6962
6962
6963
6969
6970
6971
6974
6976
6976
6978
6979
6979
6979
6980
6981
6981
6985
6989
6992
6992
6993
6995
6996
7000
7003
7003
7005
7005
7006
7008
7009
7010
7011
7012
7014
7015
7023
7025
7026
7030
7032
7032
7035
7044
7044
7048
7050
7051
7055
7056
7062
7063
7063
7066
7070
7070
7071
7072
7074
7077
7080
7082
7083
7084
7087
7088
7089
7092
7092
7094
7095
7101
7101
7101
7102
7103
7103
7103
7104
7109
7111
7113
7116
7119
7122
7123
7123
7124
7128
7129
7135
7136
7136
7144
7148
7149
7151
7152
7154
7155
7163
7165
7170
7171
7178
7178
7178
7179
7181
7183
7184
7184
7185
7188
7189
7189
7190
7197
7199
7201
7202
7203
7204
7205
7206
7207
7207
7209
7210
7213
7215
7215
7216
7220
7222
7223
7224
7232
7233
7237
7239
7242
7242
7245
7246
7246
7248
7250
7252
7252
7258
7259
7259
7262
7264
7264
7269
7269
7275
7278
7281
7284
7286
7286
7286
7288
7289
7290
7290
7291
7293
7293
7293
7293
7294
7294
7295
7300
7301
7306
7307
7308
7310
7310
7310
7313
7315
7324
7325
7325
7326
7332
7335
7335
7336
7336
7337
7337
7339
7340
7344
7344
7346
7347
7347
7347
7349
7349
7354
7354
7358
7358
7360
7360
7360
7361
7361
7373
7373
7384
7388
7388
7388
7399
7400
7402
7403
7405
7406
7407
7409
7416
7416
7418
7418
7419
7421
7421
7430
7435
7441
7442
7443
7444
7445
7448
7449
7449
7452
7452
7456
7457
7457
7458
7462
7464
7466
7466
7466
7466
7468
7470
7470
7473
7475
7475
7476
7481
7482
7483
7484
7484
7484
7485
7491
7494
7495
7505
7511
7513
7515
7516
7517
7523
7525
7526
7527
7527
7530
7530
7533
7533
7535
7536
7537
7539
7560
7560
7560
7566
7566
7577
7579
7583
7584
7585
7588
7589
7590
7593
7593
7594
7594
7596
7596
7596
7598
7598
7598
7599
7603
7603
7604
7607
7608
7610
7612
7612
7613
7614
7615
7616
7621
7622
7623
7631
7634
7635
7637
7637
7637
7638
7645
7647
7649
7656
7656
7656
7659
7663
7664
7665
7668
7669
7670
7675
7675
7685
7686
7689
7692
7693
7694
7695
7696
7698
7702
7703
7705
7707
7708
7711
7712
7714
7715
7716
7723
7725
7726
7730
7730
7730
7736
7736
7736
7737
7739
7739
7742
7747
7748
7751
7754
7755
7756
7759
7759
7762
7766
7768
7768
7770
7774
7775
7777
7778
7778
7779
7780
7781
7781
7781
7784
7792
7793
7793
7798
7799
7801
7802
7802
7807
7809
7810
7814
7816
7816
7817
7818
7824
7824
7825
7826
7826
7829
7829
7830
7832
7838
7840
7842
7851
7853
7853
7854
7857
7857
7859
7860
7862
7867
7871
7875
7878
7879
7880
7890
7890
7894
7895
7895
7898
7899
7900
7903
7907
7908
7909
7910
7911
7916
7917
7917
7918
7919
7919
7919
7920
7925
7929
7931
7939
7939
7940
7942
7943
7943
7949
7950
7951
7952
7953
7955
7956
7958
7961
7972
7972
7979
7982
7983
7989
7989
7990
7992
7992
7993
7993
7998
7998
8003
8003
8007
8007
8012
8014
8014
8015
8015
8016
8023
8023
8024
8024
8025
8026
8027
8029
8029
8030
8032
8034
8034
8036
8040
8041
8042
8043
8044
8050
8053
8053
8055
8055
8057
8057
8059
8059
8060
8064
8067
8067
8068
8069
8070
8073
8075
8076
8076
8076
8077
8077
8083
8085
8085
8086
8089
8090
8095
8096
8099
8099
8103
8106
8107
8108
8110
8110
8112
8113
8115
8116
8116
8117
8120
8124
8125
8126
8129
8133
8136
8143
8145
8149
8153
8155
8159
8160
8161
8163
8164
8173
8174
8174
8176
8180
8181
8183
8187
8191
8192
8194
8197
8200
8200
8201
8204
8205
8214
8215
8220
8224
8225
8227
8230
8231
8232
8232
8237
8242
8248
8252
8253
8254
8257
8260
8263
8264
8272
8272
8274
8275
8286
8286
8290
8290
8292
8292
8298
8298
8300
8300
8305
8307
8310
8313
8317
8319
8321
8325
8325
8326
8327
8328
8331
8334
8336
8340
8340
8340
8349
8351
8351
8353
8353
8358
8360
8364
8372
8372
8374
8375
8378
8380
8384
8385
8388
8389
8392
8395
8400
8400
8400
8406
8406
8407
8410
8413
8417
8418
8419
8421
8421
8422
8424
8425
8425
8425
8426
8429
8435
8436
8443
8443
8448
8449
8449
8453
8453
8453
8455
8456
8460
8463
8466
8466
8472
8475
8478
8478
8481
8481
8482
8483
8485
8487
8487
8491
8492
8492
8496
8502
8504
8505
8506
8509
8517
8518
8518
8519
8520
8522
8522
8530
8532
8532
8534
8537
8538
8539
8551
8551
8551
8556
8561
8562
8563
8563
8563
8563
8563
8563
8565
8565
8565
8565
8567
8571
8572
8574
8575
8578
8579
8582
8584
8585
8587
8589
8590
8591
8593
8595
8598
8599
8600
8600
8604
8604
8605
8605
8606
8608
8614
8617
8617
8617
8617
8619
8621
8622
8624
8628
8630
8635
8639
8639
8640
8642
8642
8644
8645
8646
8647
8649
8657
8658
8659
8662
8664
8673
8678
8680
8680
8681
8686
8687
8688
8689
8689
8694
8701
8703
8704
8708
8711
8713
8716
8716
8719
8720
8721
8722
8723
8731
8731
8734
8735
8739
8739
8741
8743
8743
8744
8747
8751
8751
8752
8753
8755
8757
8759
8762
8763
8765
8766
8769
8770
8771
8775
8776
8779
8780
8782
8786
8787
8790
8793
8794
8795
8797
8797
8798
8798
8803
8806
8806
8807
8809
8811
8815
8816
8817
8819
8824
8825
8825
8826
8830
8831
8834
8834
8837
8838
8840
8843
8846
8850
8851
8852
8856
8858
8858
8859
8861
8861
8861
8862
8865
8869
8873
8875
8879
8879
8879
8879
8886
8890
8890
8893
8893
8897
8898
8901
8908
8910
8910
8911
8912
8914
8917
8918
8919
8919
8921
8922
8924
8927
8928
8930
8931
8933
8936
8937
8938
8941
8941
8950
8954
8959
8960
8961
8962
8962
8963
8963
8963
8966
8980
8981
8982
8982
8991
8996
8996
8996
8998
9003
9004
9006
9009
9011
9012
9015
9015
9015
9017
9019
9020
9023
9028
9029
9031
9033
9034
9035
9035
9036
9038
9039
9046
9047
9048
9050
9050
9051
9054
9055
9057
9058
9059
9065
9066
9067
9071
9074
9075
9079
9080
9082
9085
9089
9093
9100
9100
9102
9104
9107
9109
9111
9111
9111
9114
9115
9116
9121
9121
9128
9131
9133
9136
9137
9137
9138
9138
9142
9143
9144
9148
9158
9158
9161
9162
9162
9163
9164
9167
9167
9169
9169
9170
9172
9174
9174
9176
9177
9178
9181
9183
9183
9184
9184
9190
9195
9196
9198
9200
9205
9205
9210
9213
9214
9215
9218
9221
9224
9225
9225
9226
9229
9233
9236
9236
9237
9239
9239
9241
9250
9250
9251
9252
9252
9253
9257
9261
9262
9270
9271
9276
9277
9280
9285
9286
9287
9291
9291
9291
9291
9293
9295
9296
9296
9298
9304
9306
9310
9311
9311
9312
9316
9323
9324
9324
9325
9325
9326
9331
9331
9332
9332
9334
9335
9335
9337
9337
9337
9337
9340
9341
9341
9343
9343
9344
9351
9351
9352
9352
9353
9354
9359
9361
9364
9365
9366
9368
9370
9370
9374
9377
9378
9385
9391
9391
9396
9400
9405
9406
9407
9407
9408
9410
9410
9410
9413
9416
9416
9419
9419
9419
9420
9424
9425
9425
9430
9430
9431
9432
9432
9432
9440
9444
9448
9451
9452
9452
9453
9456
9457
9460
9461
9464
9465
9465
9466
9468
9472
9476
9476
9477
9482
9483
9484
9486
9487
9494
9495
9496
9496
9500
9500
9501
9504
9505
9506
9506
9513
9514
9514
9517
9517
9519
9520
9524
9527
9528
9530
9531
9532
9537
9538
9543
9544
9552
9553
9555
9559
9565
9565
9572
9574
9574
9576
9578
9581
9583
9583
9583
9585
9587
9588
9589
9592
9594
9595
9596
9600
9602
9603
9606
9606
9607
9609
9621
9622
9622
9624
9626
9626
9632
9634
9635
9635
9636
9639
9641
9642
9643
9644
9644
9644
9648
9648
9649
9651
9652
9656
9659
9660
9661
9661
9664
9664
9671
9672
9672
9673
9675
9676
9677
9679
9680
9681
9682
9688
9696
9697
9699
9703
9705
9710
9710
9712
9712
9717
9721
9721
9729
9729
9731
9731
9737
9740
9744
9744
9744
9747
9748
9748
9749
9749
9751
9752
9754
9755
9755
9756
9758
9758
9759
9767
9768
9768
9771
9774
9775
9777
9782
9783
9784
9786
9789
9795
9801
9803
9803
9804
9804
9805
9806
9807
9809
9813
9813
9815
9816
9817
9823
9823
9847
9849
9850
9850
9855
9867
9870
9873
9877
9878
9881
9885
9887
9890
9891
9896
9898
9898
9899
9903
9903
9904
9905
9907
9909
9909
9909
9912
9915
9916
9918
9921
9923
9927
9929
9931
9934
9938
9938
9941
9941
9942
9946
9949
9950
9956
9958
9959
9960
9962
9964
9968
9969
9973
9977
9978
9979
9982
9985
9985
9987
9994
9996
9997
9997
9997
9999
