1
3
6
6
9
14
19
22
25
26
26
29
30
32
33
34
36
37
38
40
40
45
45
46
47
47
50
57
60
61
66
67
68
76
80
80
82
85
86
88
93
95
96
96
98
99
99
100
103
108
118
119
119
119
120
120
122
126
131
131
136
137
139
143
143
146
146
151
160
161
162
163
163
164
167
167
169
172
172
174
179
180
182
185
190
190
191
195
203
204
210
211
211
214
216
217
218
219
222
222
223
224
225
226
227
227
229
230
234
238
239
240
241
242
243
246
247
250
253
257
258
258
259
261
263
264
267
267
269
270
272
273
277
280
281
284
284
290
291
295
299
299
303
304
306
309
312
314
316
324
326
329
329
331
332
335
337
343
344
344
345
348
351
352
354
357
357
361
362
363
364
369
374
374
375
379
380
380
381
383
383
384
385
386
387
388
388
390
391
392
398
400
402
402
402
404
409
409
412
414
414
417
418
418
419
419
421
429
429
431
431
435
435
437
443
444
445
445
447
447
447
455
458
458
460
460
460
468
468
469
470
470
474
476
476
479
484
485
487
490
492
496
496
496
498
502
506
507
511
512
512
513
514
518
520
521
523
524
527
527
531
531
533
534
535
542
545
546
547
550
551
551
551
552
552
552
555
555
556
559
560
561
561
564
564
566
566
567
568
569
570
571
574
574
575
579
582
584
590
591
592
592
594
594
596
598
604
609
613
614
614
617
623
626
628
629
631
632
634
635
637
637
641
643
649
650
652
654
656
656
657
658
663
665
667
668
678
680
681
682
684
685
685
687
691
692
693
693
695
695
696
698
699
699
700
701
701
701
707
713
716
717
719
724
733
734
740
741
744
744
747
748
749
750
755
758
763
765
768
769
771
773
774
776
776
778
779
780
785
787
788
790
793
794
795
795
796
798
806
808
810
815
819
819
823
825
826
826
828
828
830
833
836
837
837
839
840
840
842
842
842
843
844
845
850
853
853
854
854
855
856
863
864
868
869
871
873
874
877
879
880
881
882
885
886
891
894
896
897
898
898
899
902
903
907
907
908
913
915
915
918
919
921
922
922
922
923
925
927
928
930
931
932
933
935
936
936
941
944
944
950
952
952
956
959
960
967
968
973
975
979
979
980
981
985
986
987
1002
1004
1004
1005
1005
1005
1016
1017
1018
1018
1020
1022
1023
1023
1024
1025
1026
1027
1028
1041
1041
1041
1042
1045
1045
1046
1046
1047
1048
1049
1049
1052
1052
1054
1056
1060
1064
1065
1066
1067
1068
1069
1070
1072
1073
1074
1079
1080
1082
1083
1084
1086
1087
1092
1094
1095
1096
1101
1102
1103
1108
1109
1111
1112
1115
1116
1116
1117
1118
1119
1119
1119
1120
1120
1122
1126
1127
1129
1129
1135
1136
1136
1137
1137
1138
1139
1141
1142
1145
1145
1146
1147
1148
1149
1149
1153
1156
1157
1158
1159
1161
1163
1165
1168
1172
1173
1175
1179
1182
1184
1185
1188
1193
1195
1195
1197
1198
1198
1199
1201
1208
1212
1216
1216
1216
1218
1224
1226
1227
1229
1229
1230
1233
1234
1234
1235
1235
1237
1237
1239
1241
1244
1246
1247
1251
1253
1255
1259
1263
1263
1264
1264
1267
1268
1269
1271
1274
1275
1275
1276
1276
1278
1279
1283
1284
1287
1289
1291
1296
1298
1301
1303
1304
1306
1307
1317
1317
1317
1320
1321
1322
1323
1325
1327
1331
1334
1335
1335
1335
1339
1340
1344
1345
1346
1347
1352
1353
1355
1355
1356
1366
1367
1373
1376
1377
1380
1382
1383
1387
1387
1388
1389
1391
1396
1398
1400
1402
1403
1406
1410
1411
1412
1419
1420
1421
1422
1422
1426
1427
1431
1432
1436
1439
1442
1448
1451
1455
1458
1460
1460
1461
1461
1465
1465
1469
1473
1480
1481
1482
1487
1493
1496
1501
1503
1503
1507
1507
1508
1509
1513
1517
1519
1520
1521
1522
1525
1530
1531
1531
1532
1534
1540
1545
1545
1545
1549
1549
1549
1550
1551
1551
1553
1554
1555
1556
1559
1559
1561
1565
1566
1566
1568
1572
1573
1574
1578
1578
1578
1586
1592
1593
1594
1595
1601
1601
1601
1602
1610
1611
1613
1614
1614
1616
1617
1619
1623
1623
1625
1626
1627
1627
1633
1636
1639
1640
1642
1645
1647
1648
1650
1653
1654
1664
1668
1669
1669
1671
1674
1674
1675
1681
1682
1683
1685
1686
1686
1691
1695
1703
1703
1703
1703
1707
1708
1711
1712
1713
1718
1723
1724
1730
1730
1731
1733
1736
1736
1737
1738
1739
1742
1747
1748
1749
1750
1752
1752
1753
1753
1754
1758
1758
1759
1759
1762
1762
1764
1764
1764
1767
1771
1773
1775
1777
1785
1787
1787
1791
1793
1795
1796
1798
1800
1807
1810
1814
1814
1816
1818
1820
1820
1824
1824
1824
1826
1827
1828
1830
1832
1833
1835
1839
1843
1844
1849
1850
1850
1850
1855
1858
1858
1861
1862
1864
1865
1866
1866
1868
1868
1869
1871
1873
1875
1876
1878
1878
1878
1879
1882
1882
1884
1884
1891
1891
1891
1893
1893
1893
1897
1898
1903
1903
1904
1904
1906
1907
1907
1918
1919
1919
1921
1921
1922
1922
1924
1925
1926
1927
1935
1937
1939
1940
1942
1947
1947
1951
1956
1958
1960
1961
1964
1964
1965
1965
1967
1970
1975
1981
1983
1983
1985
1988
1989
1990
1991
1997
2008
2017
2020
2021
2022
2022
2023
2025
2028
2029
2032
2033
2034
2034
2036
2036
2038
2046
2047
2050
2055
2056
2057
2058
2058
2059
2059
2064
2064
2066
2067
2067
2067
2073
2074
2077
2078
2081
2082
2084
2084
2086
2086
2086
2087
2089
2089
2090
2091
2092
2099
2100
2101
2103
2105
2105
2105
2106
2107
2108
2109
2110
2111
2113
2113
2115
2116
2118
2119
2122
2123
2127
2135
2135
2136
2137
2137
2137
2138
2138
2140
2142
2144
2144
2146
2149
2151
2154
2154
2156
2159
2160
2160
2166
2174
2176
2178
2180
2183
2183
2195
2199
2201
2202
2202
2203
2208
2209
2213
2213
2214
2220
2224
2225
2225
2227
2227
2235
2240
2245
2245
2250
2254
2255
2255
2257
2259
2261
2265
2265
2267
2268
2268
2270
2273
2274
2284
2286
2288
2288
2290
2291
2292
2293
2293
2295
2296
2296
2298
2298
2300
2301
2304
2305
2310
2311
2311
2313
2313
2318
2321
2324
2325
2326
2326
2329
2337
2338
2342
2342
2343
2344
2347
2348
2348
2348
2349
2350
2352
2357
2362
2363
2364
2366
2369
2373
2375
2376
2379
2386
2386
2386
2387
2389
2391
2391
2392
2394
2396
2399
2400
2400
2402
2407
2407
2411
2412
2413
2421
2421
2422
2425
2427
2427
2429
2429
2432
2432
2433
2435
2439
2443
2444
2445
2446
2452
2452
2452
2454
2455
2460
2461
2464
2464
2464
2465
2466
2466
2466
2470
2470
2477
2477
2478
2479
2480
2481
2483
2485
2486
2489
2494
2498
2498
2499
2500
2502
2502
2505
2510
2511
2513
2514
2514
2515
2515
2515
2516
2517
2518
2519
2520
2521
2521
2521
2522
2524
2528
2528
2532
2535
2535
2536
2536
2539
2542
2543
2544
2549
2553
2556
2556
2560
2563
2569
2570
2572
2575
2575
2576
2578
2583
2587
2587
2593
2595
2597
2599
2601
2606
2609
2609
2612
2616
2618
2621
2622
2622
2630
2633
2634
2638
2642
2645
2645
2645
2646
2648
2648
2649
2650
2656
2658
2664
2664
2665
2665
2666
2666
2667
2667
2671
2672
2674
2675
2677
2678
2686
2688
2689
2689
2690
2690
2691
2693
2697
2700
2702
2702
2703
2703
2706
2706
2707
2709
2712
2714
2715
2716
2718
2720
2722
2726
2726
2727
2729
2729
2736
2736
2738
2738
2738
2738
2739
2745
2745
2746
2746
2747
2749
2753
2755
2757
2757
2757
2763
2764
2765
2767
2768
2770
2771
2773
2774
2774
2775
2777
2785
2791
2791
2797
2799
2799
2800
2802
2812
2813
2814
2814
2816
2817
2820
2827
2827
2827
2829
2830
2831
2832
2837
2838
2838
2840
2842
2843
2844
2847
2848
2854
2855
2856
2859
2861
2861
2863
2863
2864
2865
2870
2871
2872
2872
2873
2883
2886
2886
2888
2890
2890
2891
2892
2895
2895
2895
2896
2901
2901
2902
2904
2907
2909
2914
2915
2916
2916
2918
2919
2919
2923
2924
2924
2930
2931
2934
2939
2939
2947
2949
2950
2950
2952
2952
2952
2953
2954
2955
2955
2956
2957
2959
2960
2962
2968
2970
2971
2973
2974
2976
2979
2980
2980
2982
2985
2985
2985
2986
2987
2988
2988
2992
2993
2995
2995
2999
3001
3002
3004
3004
3005
3008
3011
3011
3014
3017
3021
3022
3023
3024
3027
3036
3037
3038
3039
3042
3049
3051
3052
3052
3055
3055
3058
3060
3063
3065
3069
3069
3071
3071
3071
3073
3074
3078
3078
3080
3088
3088
3089
3090
3091
3092
3093
3093
3093
3094
3094
3094
3095
3097
3098
3098
3099
3101
3103
3104
3104
3108
3108
3108
3108
3109
3109
3109
3112
3114
3122
3122
3123
3123
3124
3125
3132
3133
3134
3136
3136
3139
3141
3143
3146
3147
3150
3152
3152
3153
3159
3160
3161
3161
3162
3163
3163
3166
3166
3169
3169
3170
3172
3173
3174
3174
3178
3178
3182
3182
3183
3183
3186
3192
3198
3199
3200
3202
3207
3209
3209
3210
3211
3213
3213
3215
3219
3220
3222
3222
3223
3224
3227
3232
3233
3234
3235
3235
3236
3238
3239
3240
3241
3241
3244
3244
3245
3246
3247
3259
3261
3262
3262
3262
3263
3267
3272
3277
3277
3278
3282
3283
3288
3289
3293
3294
3297
3297
3300
3301
3301
3305
3306
3306
3310
3310
3311
3312
3312
3312
3315
3316
3318
3324
3327
3329
3329
3330
3332
3333
3333
3339
3339
3343
3344
3346
3348
3351
3351
3354
3355
3360
3360
3364
3367
3369
3369
3371
3375
3379
3384
3385
3386
3392
3396
3400
3400
3400
3404
3404
3406
3406
3406
3408
3409
3409
3411
3412
3414
3414
3418
3420
3422
3423
3425
3426
3428
3430
3430
3431
3432
3437
3438
3439
3443
3444
3444
3446
3447
3447
3447
3450
3450
3451
3452
3453
3453
3455
3456
3457
3461
3461
3464
3466
3468
3469
3470
3470
3471
3472
3472
3473
3475
3476
3477
3477
3480
3480
3486
3490
3491
3492
3494
3497
3497
3502
3505
3506
3508
3518
3520
3525
3525
3526
3530
3531
3535
3535
3535
3536
3543
3544
3545
3546
3547
3550
3550
3550
3555
3557
3558
3559
3562
3567
3568
3570
3571
3571
3577
3578
3584
3588
3588
3591
3592
3594
3598
3599
3599
3600
3608
3610
3615
3619
3622
3624
3624
3624
3629
3630
3632
3635
3637
3638
3643
3644
3646
3646
3649
3649
3651
3652
3653
3653
3661
3662
3663
3668
3671
3675
3677
3679
3680
3680
3681
3685
3685
3689
3693
3693
3695
3697
3698
3702
3704
3711
3712
3712
3715
3720
3723
3723
3727
3727
3728
3728
3738
3738
3742
3754
3758
3758
3759
3761
3763
3767
3768
3769
3769
3770
3772
3773
3774
3779
3783
3785
3786
3787
3787
3788
3789
3793
3793
3802
3805
3808
3810
3810
3811
3811
3811
3813
3817
3818
3821
3827
3829
3831
3832
3832
3834
3838
3838
3841
3842
3851
3851
3853
3856
3857
3858
3863
3865
3867
3871
3876
3877
3878
3881
3882
3884
3886
3893
3894
3894
3894
3898
3899
3904
3904
3905
3906
3907
3908
3910
3912
3914
3915
3915
3918
3919
3921
3927
3928
3935
3935
3937
3940
3940
3941
3942
3942
3948
3949
3952
3952
3956
3958
3959
3962
3965
3966
3972
3974
3974
3976
3977
3978
3980
3983
3988
3989
3994
4002
4005
4006
4008
4012
4014
4022
4022
4025
4025
4034
4034
4035
4036
4038
4039
4040
4046
4047
4048
4049
4050
4051
4051
4051
4052
4056
4057
4061
4061
4065
4066
4067
4074
4077
4078
4081
4081
4082
4083
4084
4084
4090
4093
4094
4097
4100
4101
4101
4105
4106
4109
4110
4112
4115
4115
4118
4122
4123
4124
4127
4127
4128
4130
4135
4135
4136
4136
4140
4141
4143
4145
4145
4147
4148
4151
4159
4159
4160
4164
4166
4167
4169
4173
4179
4180
4183
4185
4186
4186
4188
4189
4190
4190
4191
4192
4195
4200
4200
4201
4203
4203
4205
4205
4207
4208
4208
4209
4218
4220
4224
4225
4225
4228
4230
4236
4239
4245
4246
4248
4252
4253
4259
4261
4264
4266
4267
4267
4271
4273
4276
4277
4277
4277
4278
4281
4284
4284
4285
4287
4292
4293
4294
4297
4300
4302
4306
4307
4312
4314
4315
4315
4317
4318
4320
4323
4323
4324
4324
4325
4326
4326
4327
4331
4332
4338
4342
4344
4344
4349
4349
4349
4349
4350
4353
4356
4358
4363
4363
4365
4366
4366
4367
4374
4377
4378
4383
4384
4385
4386
4387
4393
4393
4393
4396
4400
4406
4407
4411
4414
4414
4415
4416
4419
4421
4424
4425
4425
4430
4431
4435
4435
4436
4442
4443
4449
4450
4452
4452
4456
4458
4459
4460
4460
4461
4461
4461
4464
4469
4469
4470
4474
4476
4484
4486
4488
4489
4497
4498
4503
4504
4505
4507
4509
4511
4523
4524
4526
4528
4529
4530
4530
4530
4533
4534
4534
4535
4537
4537
4541
4541
4542
4545
4545
4546
4546
4550
4550
4551
4552
4554
4557
4563
4564
4564
4567
4568
4568
4568
4569
4570
4570
4570
4572
4574
4576
4580
4584
4588
4588
4590
4591
4596
4596
4597
4598
4598
4599
4602
4604
4608
4610
4614
4615
4616
4624
4628
4630
4630
4632
4636
4639
4641
4641
4642
4647
4655
4655
4656
4657
4659
4659
4660
4660
4664
4665
4666
4671
4673
4673
4677
4678
4682
4682
4683
4683
4685
4686
4690
4692
4695
4696
4697
4700
4704
4718
4718
4723
4725
4732
4737
4737
4737
4738
4739
4740
4742
4743
4743
4751
4751
4752
4754
4755
4755
4758
4761
4762
4762
4764
4771
4773
4779
4779
4780
4783
4784
4785
4787
4788
4791
4792
4793
4798
4802
4804
4808
4811
4812
4812
4813
4814
4814
4816
4820
4821
4822
4824
4825
4830
4834
4838
4839
4841
4843
4868
4869
4875
4876
4876
4876
4878
4879
4883
4883
4885
4886
4886
4887
4910
4912
4916
4918
4919
4922
4922
4928
4936
4937
4939
4940
4940
4940
4940
4943
4945
4949
4951
4955
4955
4955
4958
4959
4961
4963
4966
4966
4968
4968
4969
4971
4973
4975
4976
4978
4980
4982
4982
4986
4987
4988
4989
4989
4991
4996
4997
4998
4999
5002
5004
5006
5008
5008
5009
5009
5010
5013
5014
5015
5017
5019
5019
5023
5031
5032
5032
5036
5038
5039
5043
5048
5051
5052
5053
5054
5055
5058
5061
5063
5064
5066
5068
5072
5072
5072
5073
5077
5078
5079
5079
5080
5080
5081
5083
5085
5091
5096
5096
5100
5100
5100
5101
5102
5105
5106
5106
5107
5115
5118
5119
5120
5121
5121
5122
5122
5124
5124
5127
5129
5132
5132
5137
5139
5140
5142
5143
5149
5158
5159
5160
5161
5165
5169
5169
5170
5174
5177
5177
5177
5178
5179
5179
5185
5185
5185
5188
5189
5189
5189
5190
5193
5201
5201
5202
5207
5209
5212
5214
5214
5215
5219
5223
5225
5225
5230
5231
5235
5236
5240
5241
5241
5242
5247
5247
5247
5250
5253
5255
5255
5256
5261
5262
5271
5272
5273
5276
5280
5281
5284
5288
5289
5293
5294
5296
5298
5300
5300
5303
5305
5306
5306
5310
5312
5312
5314
5315
5316
5316
5317
5318
5320
5323
5324
5328
5328
5328
5331
5334
5337
5337
5338
5341
5345
5347
5348
5352
5356
5357
5358
5358
5359
5360
5360
5360
5360
5362
5362
5364
5364
5371
5372
5374
5374
5374
5375
5377
5377
5379
5379
5382
5384
5384
5387
5392
5392
5396
5396
5400
5402
5404
5404
5407
5412
5417
5426
5428
5430
5433
5437
5441
5443
5446
5460
5464
5464
5465
5466
5467
5468
5469
5471
5473
5473
5476
5486
5494
5496
5502
5505
5505
5507
5509
5509
5514
5518
5518
5519
5520
5520
5520
5524
5525
5526
5526
5526
5534
5540
5542
5543
5543
5544
5545
5550
5553
5558
5560
5561
5564
5565
5568
5573
5578
5582
5582
5582
5583
5584
5585
5587
5588
5589
5593
5593
5595
5596
5598
5602
5603
5604
5613
5617
5617
5617
5619
5625
5627
5627
5630
5631
5631
5632
5633
5636
5636
5637
5637
5637
5638
5642
5646
5646
5647
5649
5651
5654
5655
5656
5663
5664
5665
5665
5665
5666
5669
5674
5676
5677
5677
5678
5679
5681
5683
5683
5683
5683
5690
5693
5700
5700
5707
5708
5709
5711
5714
5715
5716
5721
5724
5725
5725
5726
5728
5729
5733
5734
5735
5736
5738
5741
5741
5748
5751
5751
5751
5757
5757
5762
5763
5768
5773
5777
5779
5781
5781
5786
5789
5789
5794
5798
5800
5804
5805
5805
5805
5805
5806
5807
5809
5810
5811
5813
5813
5815
5820
5821
5822
5824
5827
5830
5833
5837
5838
5838
5840
5841
5842
5844
5845
5851
5856
5863
5871
5872
5872
5882
5884
5884
5887
5888
5892
5894
5895
5895
5897
5898
5900
5903
5905
5906
5907
5909
5913
5916
5921
5925
5928
5929
5932
5934
5940
5942
5942
5944
5949
5950
5952
5956
5956
5957
5966
5966
5966
5966
5968
5969
5972
5972
5972
5975
5976
5976
5976
5979
5981
5986
5992
5995
5997
5998
5999
6005
6007
6011
6011
6014
6015
6015
6016
6020
6024
6024
6024
6025
6026
6028
6031
6032
6032
6034
6035
6036
6039
6041
6042
6044
6045
6046
6047
6047
6049
6049
6052
6052
6057
6069
6070
6075
6079
6084
6089
6090
6093
6093
6094
6094
6099
6102
6103
6105
6106
6106
6106
6113
6114
6117
6120
6123
6124
6134
6137
6140
6143
6145
6149
6149
6150
6150
6151
6152
6152
6155
6156
6156
6158
6169
6169
6170
6170
6171
6174
6175
6176
6178
6183
6183
6185
6186
6186
6188
6190
6191
6192
6192
6197
6199
6199
6204
6205
6207
6207
6211
6219
6221
6224
6225
6229
6233
6235
6235
6240
6240
6240
6243
6248
6248
6248
6249
6252
6255
6257
6257
6263
6266
6267
6272
6274
6276
6276
6277
6279
6280
6285
6285
6285
6287
6290
6291
6292
6296
6300
6306
6311
6314
6315
6319
6320
6321
6323
6329
6329
6331
6335
6337
6337
6344
6345
6347
6348
6348
6348
6349
6350
6350
6351
6353
6353
6354
6354
6355
6357
6358
6358
6359
6360
6360
6367
6368
6369
6369
6369
6371
6371
6372
6372
6374
6374
6376
6378
6380
6380
6381
6387
6390
6391
6398
6405
6406
6407
6411
6412
6413
6413
6415
6418
6419
6419
6422
6422
6424
6424
6425
6427
6428
6428
6430
6430
6431
6431
6431
6432
6433
6435
6435
6438
6443
6451
6452
6455
6456
6457
6460
6461
6461
6465
6465
6466
6471
6473
6475
6477
6479
6479
6484
6485
6488
6493
6496
6499
6502
6504
6506
6507
6507
6508
6510
6514
6515
6519
6522
6524
6525
6527
6530
6530
6532
6532
6534
6535
6536
6538
6539
6543
6544
6549
6549
6560
6561
6561
6562
6565
6567
6567
6568
6571
6583
6587
6587
6588
6589
6589
6590
6600
6601
6602
6603
6605
6605
6605
6606
6608
6608
6610
6612
6612
6612
6614
6616
6616
6619
6625
6626
6627
6627
6635
6635
6636
6638
6638
6638
6640
6640
6641
6644
6645
6648
6649
6651
6653
6654
6655
6657
6659
6662
6665
6666
6668
6674
6675
6679
6684
6690
6691
6694
6696
6698
6702
6703
6703
6704
6707
6708
6711
6712
6726
6727
6727
6730
6731
6731
6732
6736
6736
6737
6740
6741
6742
6743
6743
6746
6746
6748
6749
6749
6750
6750
6752
6754
6754
6755
6757
6764
6765
6766
6770
6771
6772
6772
6773
6774
6776
6777
6777
6780
6783
6784
6785
6786
6786
6788
6788
6790
6793
6794
6794
6795
6795
6797
6801
6801
6803
6803
6804
6806
6806
6809
6810
6813
6813
6815
6815
6816
6817
6820
6821
6821
6821
6823
6824
6826
6826
6826
6826
6829
6829
6830
6832
6834
6835
6841
6841
6843
6848
6850
6854
6855
6855
6856
6858
6858
6859
6860
6860
6860
6861
6862
6863
6867
6868
6868
6870
6874
6876
6877
6878
6879
6880
6881
6884
6885
6885
6889
6890
6890
6898
6899
6900
6900
6902
6909
6912
6913
6919
6919
6921
6922
6925
6927
6929
6933
6937
6937
6938
6940
6941
6943
6949
6950
6951
6951
6952
6954
6954
6957
6963
6963
6965
6965
6965
6969
6973
6974
6978
6978
6983
6984
6984
6985
6987
6988
6988
6990
6990
6994
6995
6995
6998
6999
7003
7006
7008
7009
7010
7011
7013
7015
7016
7018
7019
7020
7022
7022
7022
7023
7024
7025
7025
7027
7029
7030
7031
7031
7034
7035
7047
7047
7048
7050
7051
7055
7057
7057
7061
7062
7063
7065
7065
7067
7067
7071
7072
7076
7078
7080
7080
7081
7085
7095
7095
7096
7099
7108
7110
7113
7113
7119
7121
7124
7124
7126
7126
7129
7130
7130
7134
7135
7136
7136
7138
7139
7140
7141
7143
7145
7151
7153
7159
7160
7161
7163
7163
7166
7168
7171
7171
7175
7178
7183
7184
7188
7190
7192
7192
7193
7204
7204
7206
7209
7209
7213
7213
7216
7216
7218
7222
7224
7224
7227
7229
7231
7231
7231
7234
7234
7234
7237
7238
7240
7242
7248
7248
7249
7249
7251
7251
7253
7253
7253
7256
7260
7263
7264
7266
7266
7267
7267
7267
7267
7268
7269
7269
7270
7274
7274
7275
7276
7279
7279
7280
7281
7286
7286
7289
7292
7296
7298
7304
7306
7306
7309
7313
7313
7315
7316
7319
7319
7320
7320
7320
7322
7322
7322
7326
7327
7328
7338
7338
7339
7343
7343
7345
7353
7353
7355
7360
7363
7367
7368
7369
7370
7371
7377
7379
7382
7383
7383
7384
7384
7385
7389
7389
7391
7397
7398
7399
7399
7399
7400
7400
7403
7404
7407
7409
7411
7411
7411
7412
7413
7420
7422
7424
7425
7426
7428
7428
7430
7432
7433
7435
7436
7437
7440
7441
7442
7442
7444
7444
7445
7448
7454
7454
7455
7456
7464
7464
7464
7468
7468
7469
7472
7472
7473
7475
7476
7477
7485
7491
7496
7500
7501
7501
7501
7502
7503
7503
7505
7506
7507
7509
7510
7511
7512
7512
7513
7514
7515
7516
7517
7517
7525
7526
7527
7529
7529
7531
7534
7535
7535
7537
7540
7544
7550
7556
7559
7565
7569
7569
7573
7576
7578
7581
7584
7586
7588
7589
7590
7593
7596
7597
7598
7599
7602
7604
7606
7606
7606
7607
7610
7616
7616
7617
7623
7624
7627
7628
7628
7631
7634
7635
7636
7640
7641
7641
7641
7642
7642
7643
7644
7644
7645
7649
7655
7656
7659
7661
7664
7665
7665
7666
7667
7671
7671
7674
7679
7679
7680
7680
7681
7682
7683
7685
7690
7690
7690
7693
7695
7696
7700
7705
7707
7707
7710
7714
7717
7720
7722
7726
7727
7728
7729
7729
7731
7732
7732
7732
7733
7741
7742
7743
7746
7750
7752
7755
7755
7757
7760
7760
7761
7762
7762
7763
7764
7764
7772
7772
7772
7777
7778
7780
7780
7781
7785
7787
7790
7790
7790
7791
7791
7792
7792
7792
7798
7800
7801
7801
7801
7804
7805
7806
7808
7808
7810
7812
7814
7818
7819
7819
7820
7821
7821
7822
7823
7823
7824
7827
7829
7830
7831
7831
7831
7832
7833
7835
7838
7840
7841
7842
7843
7844
7848
7851
7859
7859
7864
7864
7871
7873
7878
7879
7881
7881
7884
7884
7889
7890
7891
7891
7892
7894
7895
7897
7897
7898
7898
7900
7903
7903
7905
7907
7911
7912
7914
7915
7915
7919
7925
7928
7931
7933
7933
7934
7935
7935
7938
7938
7939
7941
7943
7947
7948
7948
7948
7950
7952
7956
7956
7958
7959
7963
7963
7965
7967
7969
7970
7971
7972
7975
7977
7980
7982
7982
7985
7986
7988
7994
7996
7996
7997
8004
8011
8013
8014
8016
8017
8019
8020
8022
8023
8024
8031
8032
8035
8039
8040
8041
8044
8045
8046
8048
8050
8051
8052
8056
8056
8061
8061
8064
8064
8065
8074
8078
8079
8079
8080
8081
8087
8092
8092
8097
8097
8100
8104
8107
8109
8110
8110
8112
8112
8113
8113
8115
8121
8122
8123
8132
8136
8140
8140
8141
8146
8146
8146
8149
8149
8150
8152
8152
8153
8155
8156
8157
8158
8161
8163
8165
8167
8170
8170
8170
8171
8174
8175
8175
8175
8177
8183
8185
8186
8186
8189
8190
8191
8193
8193
8195
8197
8198
8199
8201
8201
8202
8205
8208
8210
8212
8212
8213
8216
8218
8220
8220
8225
8226
8227
8228
8230
8233
8233
8234
8235
8243
8243
8245
8246
8247
8249
8251
8252
8252
8254
8255
8255
8258
8259
8263
8265
8269
8270
8273
8275
8275
8278
8278
8279
8280
8284
8285
8286
8287
8289
8291
8292
8292
8295
8297
8298
8300
8301
8304
8305
8310
8311
8311
8312
8314
8316
8317
8317
8317
8319
8321
8321
8321
8321
8323
8324
8326
8330
8330
8341
8345
8345
8346
8347
8348
8349
8352
8353
8353
8356
8359
8360
8360
8360
8364
8364
8366
8373
8376
8382
8385
8388
8388
8388
8390
8392
8392
8394
8400
8403
8406
8407
8407
8409
8410
8414
8419
8422
8424
8424
8429
8434
8436
8439
8439
8444
8451
8459
8463
8464
8466
8467
8468
8470
8471
8471
8472
8476
8477
8477
8477
8477
8478
8479
8483
8483
8484
8486
8487
8490
8492
8493
8494
8494
8495
8507
8507
8509
8514
8516
8522
8524
8526
8527
8532
8533
8535
8536
8539
8539
8541
8542
8542
8542
8543
8545
8549
8550
8551
8554
8556
8558
8563
8564
8564
8573
8577
8578
8578
8579
8584
8588
8589
8589
8590
8592
8594
8595
8596
8597
8597
8597
8598
8598
8599
8609
8609
8612
8613
8620
8630
8631
8632
8635
8636
8638
8641
8646
8646
8648
8650
8651
8654
8658
8660
8662
8662
8663
8668
8670
8672
8675
8677
8678
8678
8684
8686
8687
8689
8690
8693
8696
8698
8699
8699
8702
8706
8709
8713
8714
8720
8724
8726
8728
8734
8738
8738
8738
8739
8740
8741
8744
8745
8745
8749
8751
8756
8757
8763
8764
8767
8767
8768
8770
8774
8774
8776
8779
8780
8781
8781
8782
8784
8785
8789
8789
8792
8795
8795
8799
8800
8802
8811
8812
8813
8820
8820
8822
8825
8826
8830
8831
8832
8834
8838
8840
8844
8846
8847
8848
8848
8850
8850
8851
8853
8856
8860
8864
8867
8868
8868
8869
8870
8873
8874
8875
8875
8876
8880
8880
8880
8884
8884
8885
8888
8892
8893
8894
8895
8895
8897
8897
8897
8900
8902
8903
8904
8905
8907
8913
8913
8914
8916
8918
8918
8922
8923
8926
8930
8932
8935
8937
8937
8937
8938
8938
8939
8940
8942
8944
8944
8947
8948
8949
8952
8953
8956
8957
8958
8961
8962
8962
8962
8968
8972
8978
8981
8982
8982
8982
8987
8989
8989
8991
8992
8992
8993
8993
8995
8998
9001
9002
9004
9007
9009
9010
9011
9012
9012
9013
9014
9016
9020
9023
9026
9028
9032
9033
9037
9042
9042
9043
9045
9056
9058
9060
9060
9062
9065
9068
9068
9070
9071
9074
9074
9077
9078
9079
9080
9081
9082
9084
9088
9089
9091
9092
9095
9097
9097
9097
9107
9110
9110
9111
9112
9112
9116
9116
9116
9118
9119
9120
9124
9127
9128
9131
9138
9140
9144
9145
9146
9148
9153
9155
9158
9160
9160
9170
9172
9173
9174
9177
9179
9181
9183
9186
9194
9194
9195
9200
9201
9201
9202
9203
9203
9206
9208
9209
9209
9209
9216
9220
9222
9225
9229
9230
9230
9235
9238
9239
9241
9243
9244
9247
9250
9251
9252
9257
9258
9266
9268
9268
9270
9272
9276
9277
9278
9280
9280
9281
9282
9286
9287
9287
9293
9295
9295
9298
9299
9301
9307
9311
9315
9316
9316
9317
9320
9321
9321
9323
9326
9327
9329
9330
9330
9330
9336
9337
9342
9346
9348
9350
9352
9353
9357
9357
9358
9361
9369
9369
9371
9372
9374
9378
9379
9383
9386
9389
9390
9390
9391
9393
9394
9395
9396
9398
9399
9399
9399
9401
9401
9406
9407
9410
9410
9410
9415
9417
9418
9419
9420
9421
9423
9428
9428
9430
9430
9437
9440
9442
9443
9444
9444
9445
9449
9450
9454
9459
9460
9460
9463
9463
9465
9467
9467
9468
9469
9471
9472
9473
9473
9474
9475
9476
9477
9478
9478
9479
9479
9481
9481
9483
9486
9487
9487
9488
9489
9490
9492
9493
9501
9501
9502
9504
9506
9508
9511
9511
9517
9520
9522
9523
9524
9525
9526
9529
9530
9530
9532
9536
9541
9543
9543
9545
9549
9552
9552
9553
9554
9561
9561
9562
9562
9563
9563
9569
9569
9572
9579
9581
9582
9585
9586
9588
9592
9594
9597
9604
9608
9613
9615
9615
9617
9619
9620
9621
9622
9622
9626
9630
9643
9646
9646
9651
9653
9656
9657
9658
9659
9659
9664
9666
9666
9669
9672
9674
9676
9679
9686
9687
9688
9691
9692
9694
9696
9696
9697
9699
9701
9704
9713
9713
9716
9718
9718
9718
9722
9722
9728
9728
9729
9732
9732
9732
9738
9745
9747
9749
9752
9753
9754
9755
9757
9762
9767
9772
9775
9777
9778
9779
9779
9780
9781
9783
9786
9786
9786
9790
9791
9791
9797
9798
9800
9802
9817
9819
9821
9822
9826
9827
9827
9830
9832
9833
9840
9845
9854
9857
9858
9858
9861
9862
9864
9864
9864
9865
9865
9867
9870
9874
9876
9877
9879
9883
9885
9887
9892
9892
9893
9895
9897
9898
9903
9906
9912
9918
9918
9921
9921
9927
9928
9929
9931
9932
9933
9934
9938
9941
9943
9945
9949
9954
9955
9957
9957
9959
9964
9966
9973
9973
9974
9975
9977
9979
9981
9983
9985
9989
9989
9992
9994
9999
