1
3
3
4
8
11
18
21
28
29
31
32
36
37
38
38
40
42
43
45
49
52
54
57
61
63
63
65
66
67
68
69
70
72
72
74
76
78
80
81
86
87
88
89
90
94
95
96
97
98
98
99
101
101
101
102
103
103
105
107
107
109
114
115
121
128
131
131
131
132
133
134
134
135
135
145
150
150
151
152
152
154
155
157
158
161
161
162
163
164
171
171
171
173
174
174
176
178
178
181
185
185
187
187
191
193
195
195
196
197
203
203
204
206
210
211
213
214
214
216
217
217
218
223
226
227
227
228
231
234
234
237
239
241
242
243
244
245
247
248
250
250
251
251
253
255
260
260
261
264
266
266
271
271
271
271
272
272
273
273
273
275
275
279
280
282
282
284
284
285
285
285
297
298
301
304
305
305
306
306
306
309
310
311
314
317
318
320
321
323
324
324
327
328
329
329
330
335
336
338
345
345
346
346
347
348
352
354
357
363
366
370
370
372
376
377
380
384
384
394
394
403
403
407
410
411
411
413
414
416
426
426
426
432
438
438
438
442
444
445
446
448
450
452
454
458
458
459
459
461
469
470
472
475
476
477
481
483
485
487
492
492
494
496
498
498
498
499
501
503
503
503
503
506
507
508
511
512
513
515
518
521
523
531
537
540
542
544
546
548
549
551
554
554
555
555
556
561
562
563
564
568
570
573
573
573
575
578
579
580
581
584
585
590
592
592
593
597
601
605
606
611
613
613
618
619
623
626
626
629
632
633
635
636
648
650
651
651
654
655
656
658
658
660
661
662
664
666
667
668
668
671
675
679
680
680
680
681
682
685
686
693
696
698
699
699
701
707
708
708
711
712
715
722
723
724
726
726
731
732
735
738
739
743
744
746
753
757
761
762
767
769
770
772
775
778
778
779
783
784
784
785
787
790
792
794
795
796
796
797
799
802
804
805
805
809
810
815
815
819
822
823
831
831
832
833
834
834
834
838
840
841
842
842
842
842
843
846
848
849
850
851
851
854
855
856
859
860
862
865
867
869
872
877
879
880
883
884
885
890
891
891
896
897
898
899
899
900
902
903
907
907
910
920
921
922
926
928
928
928
930
931
936
937
937
937
937
939
939
949
951
952
956
957
962
965
965
966
969
970
978
979
984
985
985
990
990
992
992
994
996
998
1000
1000
1001
1004
1004
1004
1007
1010
1010
1012
1012
1024
1027
1028
1028
1030
1033
1033
1034
1034
1036
1036
1038
1040
1045
1047
1047
1047
1052
1052
1053
1053
1054
1054
1057
1057
1059
1060
1061
1062
1064
1065
1065
1065
1065
1066
1068
1071
1071
1073
1074
1077
1083
1084
1087
1088
1091
1100
1100
1100
1101
1101
1102
1102
1103
1105
1105
1111
1112
1113
1114
1116
1117
1121
1125
1127
1127
1129
1134
1135
1137
1141
1141
1145
1148
1150
1152
1152
1153
1153
1154
1154
1156
1157
1158
1158
1159
1160
1160
1161
1167
1168
1171
1172
1173
1175
1175
1176
1178
1181
1181
1183
1188
1193
1194
1195
1196
1196
1197
1199
1204
1207
1210
1212
1212
1213
1215
1218
1218
1219
1220
1223
1226
1228
1234
1234
1235
1238
1238
1238
1242
1243
1243
1244
1244
1245
1245
1248
1250
1253
1253
1254
1254
1258
1262
1264
1264
1265
1265
1265
1266
1266
1266
1266
1267
1267
1267
1267
1271
1272
1274
1274
1275
1276
1277
1278
1278
1279
1282
1289
1290
1292
1292
1292
1292
1292
1294
1294
1297
1301
1301
1302
1303
1305
1309
1314
1317
1322
1325
1327
1333
1334
1335
1337
1339
1341
1347
1348
1356
1358
1359
1359
1359
1360
1364
1364
1366
1368
1369
1369
1370
1372
1372
1373
1373
1376
1378
1380
1383
1384
1385
1386
1387
1387
1389
1390
1392
1394
1394
1394
1395
1399
1399
1403
1405
1406
1412
1413
1414
1417
1418
1419
1421
1423
1425
1428
1429
1431
1433
1440
1445
1445
1447
1449
1452
1458
1458
1458
1460
1460
1462
1464
1469
1473
1473
1474
1475
1477
1480
1480
1480
1481
1485
1490
1492
1494
1496
1502
1505
1505
1509
1509
1511
1511
1512
1512
1513
1514
1514
1514
1516
1516
1518
1518
1519
1520
1521
1523
1525
1525
1527
1530
1531
1536
1538
1539
1540
1541
1543
1543
1548
1550
1554
1557
1558
1559
1560
1561
1562
1564
1565
1569
1572
1572
1573
1575
1580
1582
1583
1585
1598
1599
1600
1601
1602
1604
1607
1607
1607
1608
1611
1615
1618
1620
1621
1623
1625
1626
1629
1631
1631
1638
1641
1643
1647
1650
1657
1658
1660
1663
1663
1666
1667
1671
1673
1676
1676
1679
1679
1679
1681
1681
1682
1686
1695
1698
1698
1701
1701
1702
1706
1710
1711
1714
1715
1715
1715
1716
1716
1718
1718
1718
1723
1727
1727
1729
1730
1733
1734
1737
1738
1740
1742
1745
1748
1755
1756
1760
1762
1762
1763
1765
1765
1770
1770
1773
1773
1776
1776
1778
1778
1779
1780
1784
1787
1787
1788
1790
1791
1791
1792
1793
1797
1802
1803
1809
1810
1810
1811
1811
1812
1815
1816
1817
1819
1820
1820
1825
1825
1825
1826
1826
1830
1831
1831
1831
1834
1835
1839
1843
1851
1851
1855
1861
1870
1871
1872
1873
1878
1879
1884
1886
1887
1888
1890
1891
1893
1895
1895
1900
1901
1903
1903
1906
1909
1910
1920
1923
1924
1925
1927
1927
1929
1931
1932
1932
1934
1935
1940
1942
1942
1943
1945
1945
1945
1947
1956
1959
1963
1966
1966
1968
1969
1970
1971
1975
1978
1979
1987
1989
1990
1992
1992
1993
1995
1996
1996
2004
2013
2022
2023
2024
2025
2026
2028
2029
2029
2035
2036
2037
2039
2040
2042
2044
2050
2052
2052
2053
2054
2055
2055
2056
2058
2058
2062
2064
2066
2067
2068
2070
2071
2073
2073
2078
2079
2079
2085
2087
2089
2089
2091
2093
2093
2095
2096
2098
2098
2102
2104
2107
2109
2114
2116
2117
2120
2123
2125
2126
2127
2130
2131
2132
2134
2134
2136
2137
2140
2142
2143
2143
2147
2148
2149
2150
2152
2157
2158
2159
2164
2167
2167
2168
2169
2175
2177
2179
2183
2183
2185
2187
2188
2189
2190
2191
2197
2198
2199
2201
2202
2202
2203
2206
2207
2207
2208
2208
2209
2209
2209
2212
2214
2216
2219
2234
2235
2245
2245
2246
2247
2249
2253
2254
2255
2257
2257
2257
2259
2260
2261
2264
2265
2267
2270
2270
2270
2271
2275
2280
2281
2281
2284
2288
2289
2290
2290
2291
2292
2292
2295
2296
2297
2298
2300
2304
2305
2314
2315
2315
2317
2318
2321
2324
2324
2326
2328
2333
2340
2341
2342
2344
2347
2349
2350
2351
2352
2355
2356
2356
2360
2361
2363
2367
2368
2368
2372
2374
2376
2377
2383
2386
2390
2398
2401
2406
2413
2417
2419
2429
2429
2437
2442
2442
2442
2444
2445
2446
2448
2448
2449
2449
2450
2451
2454
2459
2461
2461
2462
2463
2463
2463
2464
2467
2469
2477
2484
2484
2487
2487
2492
2492
2493
2493
2493
2493
2495
2498
2499
2502
2504
2505
2506
2510
2510
2512
2513
2513
2514
2514
2516
2522
2525
2537
2538
2539
2540
2540
2541
2542
2546
2546
2547
2547
2547
2548
2550
2555
2556
2562
2562
2562
2564
2568
2570
2570
2571
2572
2572
2574
2574
2577
2577
2582
2587
2589
2590
2591
2593
2595
2597
2606
2606
2607
2608
2608
2608
2609
2609
2613
2615
2615
2616
2616
2617
2617
2618
2619
2622
2626
2635
2636
2639
2641
2641
2644
2644
2645
2649
2652
2653
2653
2653
2654
2656
2656
2657
2658
2666
2667
2669
2669
2671
2674
2674
2676
2681
2682
2683
2683
2688
2691
2692
2692
2693
2694
2695
2696
2699
2699
2700
2703
2707
2708
2710
2711
2714
2715
2717
2718
2721
2723
2727
2728
2730
2730
2734
2740
2743
2744
2745
2745
2746
2747
2748
2752
2753
2754
2757
2757
2757
2761
2764
2772
2775
2775
2776
2777
2777
2778
2778
2778
2780
2780
2780
2781
2784
2785
2786
2795
2797
2797
2802
2805
2810
2812
2815
2819
2823
2826
2827
2828
2828
2836
2839
2840
2843
2846
2851
2852
2853
2854
2854
2854
2856
2859
2860
2862
2863
2865
2865
2868
2872
2876
2881
2881
2887
2890
2890
2891
2892
2894
2897
2899
2900
2900
2903
2904
2904
2904
2904
2905
2907
2908
2913
2914
2921
2921
2922
2928
2929
2930
2931
2932
2932
2934
2935
2936
2937
2940
2945
2946
2952
2952
2956
2956
2957
2957
2958
2961
2964
2970
2972
2975
2978
2980
2981
2983
2983
2983
2991
2991
2993
2996
2997
2998
3003
3008
3012
3015
3015
3015
3016
3022
3023
3027
3027
3028
3029
3030
3031
3031
3034
3034
3038
3041
3042
3042
3044
3045
3046
3046
3049
3050
3050
3054
3055
3056
3056
3060
3068
3069
3072
3073
3074
3076
3077
3077
3080
3080
3080
3081
3082
3085
3086
3087
3087
3088
3090
3091
3092
3092
3094
3100
3102
3108
3115
3116
3116
3119
3120
3125
3126
3132
3132
3135
3137
3137
3140
3141
3145
3146
3149
3154
3156
3159
3161
3161
3162
3164
3164
3166
3167
3168
3170
3170
3171
3172
3174
3179
3187
3192
3193
3193
3194
3197
3204
3205
3206
3206
3208
3210
3213
3218
3219
3225
3228
3229
3233
3234
3237
3241
3243
3245
3245
3246
3251
3251
3254
3256
3259
3261
3263
3271
3273
3273
3282
3284
3286
3288
3293
3294
3299
3302
3303
3304
3314
3316
3317
3318
3319
3322
3325
3326
3327
3330
3336
3338
3341
3344
3345
3351
3352
3354
3355
3356
3357
3358
3358
3359
3362
3363
3365
3366
3368
3368
3368
3368
3372
3374
3377
3377
3378
3378
3378
3379
3379
3380
3383
3384
3385
3388
3390
3391
3393
3394
3399
3400
3400
3402
3404
3404
3405
3405
3405
3410
3412
3417
3417
3419
3421
3421
3424
3424
3426
3429
3436
3437
3439
3444
3444
3446
3448
3458
3461
3464
3465
3467
3467
3468
3471
3471
3478
3478
3478
3479
3482
3488
3490
3493
3494
3495
3497
3500
3504
3505
3507
3510
3510
3514
3514
3518
3518
3521
3522
3523
3525
3527
3530
3533
3534
3536
3537
3537
3539
3539
3540
3542
3543
3546
3547
3548
3550
3551
3551
3553
3554
3558
3561
3565
3567
3575
3579
3585
3585
3587
3592
3594
3599
3608
3609
3610
3611
3615
3616
3617
3618
3618
3620
3622
3622
3624
3624
3625
3626
3627
3628
3631
3632
3635
3637
3640
3640
3642
3642
3642
3646
3647
3648
3652
3652
3652
3654
3656
3658
3659
3662
3664
3665
3667
3668
3671
3678
3678
3680
3682
3683
3683
3683
3685
3685
3686
3686
3687
3688
3691
3694
3697
3699
3699
3701
3704
3707
3709
3714
3717
3718
3721
3721
3722
3722
3723
3725
3725
3730
3730
3734
3735
3736
3736
3739
3739
3743
3746
3749
3755
3758
3760
3760
3761
3766
3768
3770
3770
3772
3772
3772
3779
3779
3781
3781
3786
3786
3791
3793
3793
3794
3795
3798
3798
3803
3804
3806
3807
3808
3810
3813
3814
3817
3819
3827
3829
3830
3837
3837
3838
3843
3844
3844
3846
3846
3847
3847
3847
3847
3850
3852
3853
3855
3856
3856
3860
3861
3864
3868
3872
3875
3881
3881
3886
3887
3889
3892
3893
3895
3898
3900
3900
3902
3904
3904
3907
3909
3910
3911
3913
3914
3916
3916
3919
3920
3931
3932
3933
3933
3938
3939
3940
3941
3943
3944
3945
3945
3951
3957
3961
3966
3967
3967
3968
3969
3971
3971
3972
3976
3980
3982
3982
3985
3987
3988
3990
3991
3992
3997
3999
3999
4002
4004
4005
4006
4009
4017
4024
4025
4027
4029
4032
4032
4034
4034
4036
4036
4037
4039
4039
4039
4043
4046
4051
4052
4057
4059
4059
4060
4062
4063
4065
4066
4068
4073
4073
4074
4081
4085
4089
4089
4091
4092
4099
4100
4102
4105
4108
4113
4114
4114
4114
4115
4118
4121
4124
4129
4136
4137
4139
4140
4140
4140
4144
4145
4146
4153
4154
4155
4156
4159
4161
4161
4161
4162
4169
4171
4173
4174
4178
4181
4187
4189
4196
4196
4196
4197
4197
4203
4203
4204
4208
4209
4210
4212
4212
4215
4216
4217
4220
4222
4225
4228
4229
4230
4231
4232
4233
4234
4237
4238
4239
4239
4242
4242
4243
4247
4249
4249
4251
4251
4252
4252
4259
4270
4270
4272
4272
4275
4278
4279
4281
4284
4286
4289
4293
4293
4294
4294
4294
4298
4300
4301
4301
4306
4306
4308
4310
4311
4315
4316
4320
4320
4320
4325
4326
4326
4335
4337
4340
4342
4343
4345
4348
4348
4357
4359
4359
4361
4364
4364
4365
4365
4367
4369
4372
4373
4375
4377
4377
4378
4380
4386
4388
4391
4392
4392
4393
4394
4395
4400
4403
4404
4405
4409
4410
4411
4413
4414
4415
4417
4420
4423
4430
4431
4434
4436
4436
4439
4441
4441
4443
4445
4452
4455
4455
4462
4462
4463
4463
4465
4466
4467
4477
4478
4479
4479
4482
4483
4485
4485
4488
4489
4490
4494
4494
4494
4497
4498
4501
4502
4502
4506
4506
4509
4509
4510
4511
4519
4524
4527
4528
4528
4533
4535
4539
4545
4547
4550
4555
4555
4558
4561
4562
4567
4567
4573
4574
4577
4577
4578
4578
4580
4581
4584
4586
4586
4586
4594
4594
4596
4600
4601
4602
4602
4608
4608
4609
4609
4610
4615
4623
4626
4627
4630
4635
4637
4637
4638
4642
4644
4646
4646
4646
4647
4648
4651
4653
4657
4662
4663
4663
4665
4667
4667
4668
4670
4670
4673
4676
4679
4679
4682
4684
4686
4686
4687
4688
4688
4689
4690
4690
4692
4693
4694
4695
4698
4700
4701
4702
4704
4704
4708
4710
4710
4715
4721
4723
4724
4725
4726
4727
4731
4733
4736
4738
4739
4742
4743
4743
4745
4745
4746
4748
4748
4755
4757
4761
4761
4762
4763
4764
4767
4768
4768
4773
4774
4779
4780
4790
4794
4794
4794
4795
4795
4800
4801
4802
4805
4810
4810
4812
4813
4813
4815
4816
4816
4819
4820
4821
4821
4823
4824
4825
4826
4827
4827
4827
4829
4831
4831
4832
4834
4835
4840
4843
4845
4846
4847
4852
4853
4855
4858
4859
4861
4862
4863
4864
4865
4866
4871
4874
4878
4879
4880
4892
4892
4894
4895
4896
4897
4902
4907
4911
4914
4922
4926
4929
4930
4930
4930
4931
4934
4936
4938
4940
4943
4944
4945
4947
4948
4949
4951
4952
4954
4955
4958
4958
4958
4959
4961
4961
4961
4962
4969
4971
4975
4978
4982
4987
4989
4990
4990
4991
4995
4995
4997
4999
4999
5000
5003
5004
5007
5008
5012
5014
5014
5015
5015
5016
5018
5019
5019
5020
5022
5025
5026
5029
5037
5039
5039
5039
5044
5045
5048
5052
5060
5060
5064
5066
5067
5071
5072
5073
5077
5078
5083
5084
5085
5087
5087
5088
5089
5090
5092
5093
5094
5097
5098
5099
5100
5101
5101
5103
5103
5104
5106
5107
5108
5108
5111
5111
5119
5119
5120
5120
5120
5121
5123
5124
5125
5127
5128
5128
5129
5131
5131
5133
5133
5134
5145
5148
5149
5152
5158
5159
5161
5161
5164
5166
5166
5170
5170
5172
5174
5178
5179
5181
5182
5183
5187
5188
5188
5190
5193
5194
5195
5195
5208
5209
5210
5211
5212
5213
5213
5214
5214
5216
5216
5219
5220
5223
5223
5225
5228
5229
5230
5230
5231
5235
5239
5240
5243
5245
5246
5250
5251
5253
5256
5256
5256
5258
5261
5268
5269
5278
5285
5288
5290
5294
5294
5299
5299
5304
5306
5307
5307
5309
5310
5312
5312
5312
5313
5314
5314
5315
5316
5320
5321
5325
5327
5330
5331
5336
5344
5346
5348
5349
5351
5352
5354
5354
5354
5354
5355
5359
5360
5366
5368
5369
5369
5371
5371
5373
5375
5377
5378
5380
5381
5385
5386
5391
5397
5400
5401
5403
5403
5404
5406
5409
5409
5411
5412
5418
5421
5421
5429
5430
5431
5432
5437
5437
5439
5440
5441
5442
5444
5449
5455
5455
5458
5462
5462
5463
5466
5466
5467
5468
5471
5475
5482
5483
5483
5483
5486
5487
5488
5489
5491
5495
5496
5496
5502
5504
5505
5506
5507
5508
5510
5511
5512
5515
5516
5519
5519
5521
5521
5522
5525
5525
5528
5530
5530
5531
5540
5540
5543
5544
5545
5553
5554
5557
5565
5566
5566
5569
5570
5573
5574
5574
5576
5576
5577
5579
5580
5580
5580
5584
5587
5592
5592
5595
5596
5599
5599
5600
5601
5605
5605
5607
5607
5610
5610
5613
5618
5619
5619
5620
5623
5626
5627
5631
5631
5636
5636
5638
5641
5643
5645
5646
5646
5647
5648
5649
5649
5653
5655
5655
5659
5664
5667
5668
5671
5672
5673
5674
5676
5681
5684
5688
5690
5691
5695
5696
5696
5701
5703
5703
5703
5704
5705
5706
5709
5713
5713
5716
5720
5721
5722
5725
5725
5728
5729
5729
5730
5733
5737
5741
5745
5745
5745
5751
5756
5760
5760
5761
5765
5766
5771
5771
5774
5780
5780
5786
5792
5793
5795
5797
5800
5803
5803
5803
5804
5809
5811
5813
5813
5818
5819
5821
5823
5829
5829
5830
5830
5830
5831
5831
5833
5835
5835
5837
5838
5838
5840
5845
5845
5847
5847
5849
5851
5854
5855
5856
5858
5861
5861
5864
5865
5867
5871
5874
5880
5881
5882
5884
5884
5884
5885
5893
5894
5896
5897
5902
5903
5903
5905
5906
5910
5912
5916
5916
5917
5919
5925
5926
5928
5929
5932
5932
5933
5936
5947
5947
5948
5949
5949
5950
5950
5950
5951
5951
5952
5954
5955
5958
5958
5959
5959
5963
5964
5965
5966
5966
5967
5968
5968
5971
5972
5974
5975
5978
5979
5982
5983
5986
5989
5994
5997
5997
6000
6000
6002
6005
6005
6008
6010
6011
6011
6016
6016
6021
6023
6025
6026
6028
6031
6032
6032
6033
6035
6037
6038
6039
6039
6040
6041
6046
6050
6052
6053
6054
6057
6062
6065
6066
6070
6079
6081
6085
6086
6093
6093
6094
6094
6098
6102
6104
6105
6105
6107
6108
6108
6109
6109
6110
6115
6116
6118
6118
6123
6123
6124
6126
6128
6129
6130
6130
6132
6135
6136
6136
6137
6138
6140
6145
6145
6145
6150
6151
6156
6157
6158
6164
6166
6167
6167
6175
6177
6180
6186
6187
6190
6191
6192
6193
6198
6199
6200
6201
6201
6202
6204
6204
6205
6208
6209
6209
6210
6211
6212
6212
6213
6214
6214
6216
6216
6217
6228
6230
6231
6231
6236
6240
6244
6250
6251
6258
6261
6263
6263
6264
6265
6269
6272
6274
6276
6277
6277
6279
6280
6281
6281
6282
6287
6287
6288
6288
6288
6291
6291
6294
6296
6296
6298
6300
6305
6307
6308
6314
6319
6319
6319
6320
6321
6324
6325
6327
6331
6334
6336
6336
6340
6341
6342
6342
6344
6348
6350
6350
6350
6352
6352
6368
6370
6375
6380
6387
6395
6396
6398
6400
6404
6408
6409
6410
6412
6415
6415
6416
6418
6419
6420
6423
6427
6428
6431
6431
6431
6433
6433
6436
6438
6442
6443
6444
6445
6446
6448
6450
6452
6453
6454
6455
6455
6457
6457
6462
6463
6465
6465
6471
6472
6473
6473
6473
6476
6480
6484
6485
6485
6486
6491
6492
6495
6500
6500
6502
6502
6503
6505
6508
6510
6515
6517
6518
6522
6522
6523
6523
6526
6528
6529
6532
6532
6533
6535
6537
6538
6539
6539
6541
6542
6545
6547
6549
6550
6551
6551
6553
6553
6555
6560
6561
6564
6565
6565
6569
6572
6573
6574
6575
6576
6576
6579
6583
6583
6585
6586
6586
6587
6593
6593
6596
6597
6602
6605
6606
6608
6614
6614
6614
6615
6616
6619
6619
6622
6628
6630
6634
6635
6637
6638
6638
6640
6640
6640
6641
6647
6653
6656
6661
6661
6663
6665
6665
6668
6672
6678
6679
6680
6681
6683
6689
6689
6692
6696
6701
6702
6703
6707
6712
6722
6725
6727
6728
6730
6733
6736
6737
6738
6738
6739
6742
6742
6744
6745
6748
6748
6748
6748
6748
6753
6753
6759
6761
6764
6766
6766
6768
6773
6773
6773
6779
6782
6783
6784
6784
6786
6791
6795
6799
6799
6801
6802
6802
6808
6811
6814
6814
6818
6820
6821
6821
6826
6828
6828
6829
6830
6830
6836
6837
6840
6843
6845
6846
6849
6850
6851
6857
6857
6858
6859
6860
6862
6862
6863
6865
6866
6867
6869
6870
6872
6875
6877
6881
6882
6882
6883
6886
6887
6888
6890
6890
6890
6892
6893
6893
6894
6897
6905
6907
6909
6912
6912
6912
6916
6916
6918
6918
6927
6933
6933
6939
6940
6942
6945
6945
6946
6953
6963
6966
6972
6973
6974
6979
6979
6979
6980
6982
6985
6990
6992
6993
6994
6994
6998
6998
7001
7005
7006
7007
7009
7010
7014
7015
7015
7022
7022
7025
7027
7031
7036
7036
7040
7042
7045
7046
7049
7049
7049
7051
7052
7053
7056
7058
7060
7060
7063
7063
7065
7080
7080
7081
7084
7085
7087
7088
7089
7095
7097
7099
7101
7106
7107
7109
7112
7112
7113
7116
7117
7124
7125
7126
7126
7126
7128
7128
7132
7140
7140
7142
7142
7144
7145
7150
7159
7162
7163
7163
7165
7166
7168
7170
7172
7174
7175
7179
7179
7182
7183
7183
7184
7185
7187
7190
7193
7195
7199
7203
7204
7205
7208
7210
7213
7215
7218
7222
7223
7224
7226
7227
7229
7230
7230
7233
7233
7234
7235
7237
7237
7238
7245
7246
7248
7249
7254
7257
7257
7258
7261
7263
7265
7265
7267
7268
7268
7272
7272
7276
7276
7277
7280
7283
7283
7287
7291
7294
7294
7302
7307
7307
7311
7312
7313
7313
7315
7316
7318
7321
7322
7329
7331
7335
7336
7341
7341
7345
7345
7348
7348
7351
7352
7353
7354
7355
7356
7357
7357
7361
7363
7365
7365
7367
7367
7373
7374
7374
7377
7379
7380
7382
7382
7383
7384
7384
7392
7393
7396
7396
7413
7415
7415
7415
7417
7422
7425
7426
7426
7427
7429
7431
7435
7435
7439
7439
7443
7443
7447
7449
7451
7459
7459
7460
7461
7464
7466
7470
7471
7472
7474
7475
7478
7482
7484
7485
7486
7488
7490
7491
7496
7498
7499
7499
7501
7503
7503
7507
7513
7514
7519
7520
7525
7525
7525
7528
7529
7530
7532
7534
7537
7537
7538
7540
7550
7556
7563
7566
7566
7567
7568
7569
7570
7581
7583
7584
7589
7589
7589
7591
7592
7597
7599
7611
7613
7615
7616
7619
7621
7621
7622
7626
7626
7630
7635
7635
7641
7642
7644
7645
7646
7646
7647
7651
7651
7658
7660
7662
7665
7668
7669
7678
7680
7681
7681
7682
7685
7687
7687
7688
7690
7690
7691
7692
7698
7700
7701
7701
7701
7702
7711
7711
7714
7721
7724
7728
7728
7729
7734
7736
7737
7738
7740
7741
7741
7744
7746
7747
7749
7750
7751
7751
7753
7755
7755
7757
7757
7758
7758
7758
7758
7760
7761
7762
7763
7770
7770
7773
7774
7775
7777
7777
7777
7781
7781
7782
7784
7786
7786
7791
7796
7798
7799
7807
7810
7811
7812
7812
7813
7813
7815
7822
7823
7829
7831
7832
7836
7837
7838
7838
7843
7844
7847
7850
7852
7854
7857
7858
7858
7859
7861
7863
7865
7866
7866
7868
7871
7875
7880
7881
7881
7882
7885
7898
7898
7902
7904
7907
7909
7915
7917
7918
7918
7921
7922
7923
7927
7929
7929
7930
7930
7931
7933
7934
7937
7937
7938
7939
7940
7941
7945
7947
7947
7948
7952
7952
7953
7956
7957
7958
7959
7961
7963
7964
7966
7967
7969
7975
7976
7979
7984
7985
7985
7985
7986
7989
7992
7992
7993
7993
7995
7997
7998
7999
8001
8009
8009
8009
8011
8014
8014
8017
8019
8019
8019
8021
8025
8028
8032
8036
8036
8038
8040
8040
8042
8044
8045
8045
8049
8050
8050
8052
8054
8054
8055
8057
8058
8059
8067
8068
8072
8074
8078
8080
8081
8081
8084
8084
8085
8085
8089
8090
8092
8095
8097
8098
8099
8100
8101
8101
8103
8104
8106
8106
8107
8109
8110
8110
8112
8113
8113
8113
8114
8115
8118
8120
8121
8121
8123
8124
8126
8128
8128
8129
8130
8131
8134
8139
8139
8140
8145
8146
8147
8150
8151
8151
8155
8158
8159
8159
8159
8160
8162
8162
8164
8169
8170
8171
8173
8175
8175
8177
8177
8178
8179
8179
8180
8187
8187
8190
8191
8191
8191
8193
8196
8199
8200
8206
8208
8210
8211
8214
8217
8219
8220
8221
8225
8233
8235
8236
8238
8241
8242
8245
8247
8247
8251
8251
8252
8253
8254
8259
8260
8261
8261
8263
8265
8266
8269
8269
8269
8271
8272
8274
8276
8276
8277
8286
8286
8287
8288
8294
8295
8296
8296
8300
8301
8302
8305
8306
8308
8310
8314
8315
8323
8327
8329
8331
8333
8334
8336
8341
8342
8343
8345
8345
8348
8357
8358
8362
8365
8367
8367
8371
8371
8373
8375
8375
8376
8378
8379
8383
8385
8387
8388
8394
8394
8397
8399
8402
8405
8406
8408
8410
8411
8414
8418
8418
8421
8423
8423
8427
8427
8428
8429
8433
8437
8437
8442
8443
8443
8444
8450
8453
8457
8463
8463
8466
8467
8470
8471
8471
8472
8473
8476
8477
8483
8485
8490
8492
8494
8495
8495
8497
8501
8509
8512
8513
8517
8518
8524
8527
8528
8530
8530
8531
8538
8538
8538
8540
8540
8543
8547
8547
8548
8549
8549
8551
8551
8551
8552
8553
8554
8555
8561
8567
8567
8568
8569
8572
8572
8575
8577
8579
8581
8585
8588
8593
8601
8602
8610
8610
8613
8616
8616
8618
8621
8624
8624
8627
8634
8634
8637
8642
8645
8648
8648
8648
8652
8652
8653
8663
8664
8666
8669
8669
8669
8672
8674
8674
8674
8679
8681
8682
8683
8683
8692
8695
8696
8700
8701
8701
8705
8706
8707
8710
8711
8711
8714
8715
8715
8715
8716
8717
8719
8720
8730
8731
8733
8734
8735
8735
8735
8736
8740
8741
8745
8746
8747
8748
8749
8749
8753
8753
8756
8756
8762
8763
8763
8764
8765
8765
8769
8769
8773
8773
8773
8779
8782
8784
8789
8789
8790
8794
8798
8801
8801
8805
8806
8807
8807
8808
8808
8811
8811
8812
8816
8817
8818
8819
8821
8821
8823
8824
8825
8831
8831
8833
8833
8835
8836
8838
8839
8839
8841
8841
8841
8841
8842
8844
8846
8847
8847
8850
8850
8851
8858
8858
8860
8862
8865
8865
8868
8872
8874
8875
8877
8879
8883
8885
8890
8891
8892
8893
8897
8897
8899
8901
8902
8911
8915
8920
8923
8923
8925
8925
8925
8925
8930
8933
8934
8934
8936
8937
8939
8941
8944
8944
8948
8952
8953
8958
8958
8961
8964
8965
8974
8975
8976
8979
8983
8983
8984
8985
8987
8988
8989
8992
8995
8998
8998
9002
9002
9003
9009
9010
9011
9012
9016
9020
9020
9020
9022
9022
9024
9025
9025
9026
9032
9033
9034
9035
9038
9039
9042
9048
9049
9050
9050
9060
9062
9062
9062
9070
9073
9080
9081
9081
9082
9082
9084
9087
9088
9092
9093
9096
9100
9100
9101
9101
9102
9104
9106
9106
9107
9109
9114
9120
9121
9122
9125
9126
9128
9128
9140
9142
9144
9144
9145
9157
9157
9159
9160
9160
9160
9161
9162
9163
9166
9170
9173
9177
9179
9180
9180
9180
9183
9184
9184
9185
9186
9186
9186
9192
9195
9196
9201
9209
9209
9214
9218
9218
9219
9222
9224
9232
9232
9233
9233
9233
9237
9240
9241
9242
9242
9246
9248
9248
9252
9252
9256
9260
9260
9261
9261
9263
9268
9271
9272
9274
9277
9279
9279
9279
9279
9280
9280
9285
9292
9300
9300
9306
9308
9312
9314
9316
9319
9319
9321
9322
9323
9327
9330
9333
9333
9335
9335
9335
9336
9336
9336
9343
9344
9344
9347
9349
9351
9354
9355
9355
9357
9361
9362
9363
9363
9365
9369
9370
9371
9372
9372
9375
9380
9381
9386
9386
9391
9392
9401
9401
9404
9405
9407
9413
9414
9415
9417
9420
9422
9422
9430
9430
9433
9434
9434
9436
9438
9442
9443
9448
9449
9453
9457
9457
9460
9461
9462
9462
9463
9466
9466
9468
9469
9469
9469
9482
9482
9482
9483
9483
9484
9484
9492
9493
9495
9495
9496
9497
9500
9500
9500
9502
9502
9502
9504
9504
9506
9508
9509
9515
9518
9520
9524
9524
9528
9529
9530
9532
9534
9534
9538
9538
9540
9542
9545
9545
9546
9547
9552
9553
9560
9560
9565
9566
9566
9571
9574
9575
9576
9582
9583
9583
9584
9591
9598
9599
9600
9601
9601
9607
9609
9610
9610
9612
9613
9614
9616
9617
9617
9627
9627
9628
9631
9635
9636
9637
9642
9645
9652
9654
9655
9656
9656
9657
9658
9658
9659
9660
9661
9662
9663
9666
9670
9674
9675
9680
9680
9682
9686
9691
9698
9701
9703
9704
9706
9715
9716
9719
9721
9721
9721
9723
9725
9727
9727
9730
9731
9732
9732
9737
9738
9740
9742
9742
9742
9744
9747
9749
9754
9756
9760
9760
9760
9760
9764
9765
9766
9767
9767
9770
9771
9772
9773
9773
9776
9778
9781
9783
9783
9785
9789
9791
9792
9793
9794
9799
9801
9806
9812
9814
9814
9815
9816
9820
9821
9822
9822
9827
9829
9831
9834
9835
9835
9838
9839
9839
9842
9842
9842
9845
9846
9850
9854
9855
9855
9858
9859
9859
9865
9866
9867
9869
9871
9871
9873
9874
9878
9879
9880
9881
9882
9884
9885
9885
9886
9887
9889
9890
9892
9892
9901
9902
9904
9904
9905
9906
9906
9908
9912
9914
9919
9919
9919
9919
9927
9928
9928
9929
9930
9931
9942
9942
9943
9947
9948
9951
9952
9955
9955
9955
9956
9962
9962
9968
9968
9972
9972
9976
9977
9979
9981
9982
9983
9984
9984
9987
9988
9988
9990
9991
9991
9992
9993
9998
